# A051335
1 127
2 2
3 3
4 7
5 5
6 149
7 19
8 41
9 23899
10 139
11 43
12 761
13 281
14 17
15 53
16 2551
17 23
18 20149
19 100720363856036298033578901613089271
20 31
21 179
22 11
23 13
24 523
25 282995646721
26 2871347
27 83
28 10744429
29 1031
30 427773048135533
31 97
32 78506876242349
33 67
34 125931309931954271452831661
35 59
36 5503
37 151
38 1453
39 373
40 20823169
41 79
42 1921069
43 435262687
44 193
45 37
46 30469
47 173
48 1064290243024626902140063
49 2039
50 733
51 29
52 181
53 993039116516659314767816537666884111869769703199622324436859724248802653937078549246513251977980574467058342384767033665895113690782520967561152278048478350907430029269998537122260677402339175541628725001913070038512230690816133521302018147631810031
54 179309839
55 557
56 29805056789
57 251
58 3109
59 9006620498653
60 207073
61 212917
62 337
63 211
64 1309531
65 2423
