# A051308
1 5
2 2
3 11
4 3
5 331
6 19
7 199
8 53
9 21888927391
10 29833
11 101
12 71
13 23
14 311
15 7
16 72353
17 13
18 227
19 96014559769
20 5641
21 41
22 82107739003
23 67
24 169637539
25 61
26 29
27 31319
28 17
29 97
30 238591921
31 313
32 102065429
33 157
34 37
35 595553520313
36 244217
37 241
38 4773229353714971081083834237
39 103
40 17049400397617078678563515071580212407453366781
41 1125604335350464369
42 1033240689420558534841
43 1459
44 8297
45 761
46 113
47 379
48 238261
49 25580197
50 463
51 151
52 1181
53 213017343145463
54 2851
55 4921018499151930701
56 2535658665281113919713609
57 383
