# A051309
1 11
2 2
3 23
4 3
5 7
6 10627
7 433
8 17
9 13
10 10805892983887
11 73
12 6397
13 19
14 489407
15 2753
16 87491
17 18618443
18 5
19 31
20 113
21 41
22 10723
23 35101153
24 25243
25 374399
26 966011
27 293821591198219762366057
28 234947
29 4729
30 27953
31 3256171
32 331
33 613
34 67
35 272646324430637
36 34281113
37 21050393332691947013
38 61
39 97
40 927475803159715173204706027
41 181001
42 43
43 39263663
44 151
45 617
46 701
47 159937930237
48 580644473
49 59
50 18830125109
51 5011451
52 6827
53 37
54 5355982900903949752576191515699
55 42793
