# A051328
1 89
2 2
3 179
4 3
5 61
6 13
7 53
8 5
9 20086919971
10 14911308271
11 6016479583547124128827234315771
12 9697
13 23
14 31
15 17
16 4229
17 7937
18 22739
19 7043
20 11
21 163
22 19
23 41
24 227399
25 73
26 4441
27 1907
28 7
29 2647566144823
30 47
31 337
32 211
33 1171
34 404489
35 676721
36 71
37 653
38 4703
39 29
40 587
41 199
42 37537
43 167
44 6893009
45 105327577987
46 11863
47 43
48 97
49 18583
50 24018103326987841729199771
51 37
52 2693
53 24749
54 4733
55 1259
56 1667
57 1777
58 157
59 829
60 103
61 95026373400626489
62 149
63 1423
64 491
65 1811
66 20401223
67 1019237
68 109
69 42841
70 182848481710057763546715839701003754555508677311
71 331
72 396427
73 349
74 59
75 227
76 67
77 2093658183313
78 105710064962444502301794032767236277818914124152799859332241079481899490293217224860252560553225278544254348545740291554795391066342562867926159789087302007557114322459934360147517970342828741862522425172853699491196187176188443870194192658831058923141278615914338720772579720323966362622783998947905076357947227335218802906152986622842824255079122013469087968826450135171
