# A057936
1 2
2 2
3 4
4 2
5 4
6 4
7 4
8 3
9 6
10 6
11 5
12 4
13 4
14 6
15 7
16 3
17 6
18 6
19 5
20 4
21 7
22 6
23 5
24 5
25 7
26 10
27 10
28 5
29 5
30 11
31 5
32 3
33 9
34 9
35 11
36 6
37 7
38 8
39 7
40 6
41 7
42 10
43 6
44 7
45 12
46 8
47 7
48 7
49 7
50 14
51 11
52 5
53 6
54 10
55 12
56 8
57 9
58 8
59 8
60 8
61 4
62 9
63 13
64 4
65 11
66 12
67 8
68 9
69 8
70 15
71 8
72 8
73 6
74 10
75 12
76 8
77 12
78 17
79 6
80 7
81 15
82 10
83 9
84 12
85 12
86 10
87 11
88 8
89 8
90 18
91 12
92 5
93 11
94 11
95 11
96 7
97 10
98 12
99 15
100 9
101 5
102 17
103 11
104 7
105 17
106 9
107 8
108 13
109 7
110 18
111 13
112 9
113 9
114 16
115 11
116 8
117 11
118 15
119 12
120 10
121 10
122 12
123 13
124 9
125 12
126 15
127 6
128 4
129 10
130 23
131 8
132 11
133 12
134 15
135 23
136 7
137 10
138 19
139 8
140 12
141 12
142 15
143 14
144 9
145 13
146 12
147 16
148 9
149 8
150 24
151 9
152 9
153 18
154 16
155 14
156 11
157 11
158 9
159 9
160 10
161 10
162 16
163 7
164 7
165 18
166 14
167 7
168 12
169 9
170 24
171 14
172 10
173 9
174 13
175 23
176 9
177 12
178 11
179 8
180 15
181 7
182 24
183 10
184 8
185 16
186 16
187 15
188 10
189 20
190 22
191 8
192 7
193 15
194 16
195 20
196 14
197 9
198 21
199 6
200 13
201 14
202 15
203 14
204 12
205 11
206 12
207 17
208 11
209 14
210 27
211 9
212 10
213 13
214 16
215 12
216 13
217 11
218 15
219 12
220 18
221 16
222 19
223 7
224 9
225 22
226 11
227 9
228 13
229 8
230 26
231 18
232 15
233 9
234 26
235 19
236 9
237 12
238 25
239 9
240 15
241 12
242 16
243 21
244 7
245 19
246 18
247 14
248 8
249 15
250 26
251 8
252 15
253 18
254 16
255 22
256 6
257 9
258 20
259 12
260 15
261 16
262 19
263 8
264 15
265 15
266 26
267 14
268 10
269 9
270 30
271 11
272 11
273 19
274 13
275 19
276 10
277 6
278 16
279 15
280 19
281 9
282 20
283 10
284 8
285 21
286 29
287 20
288 11
289 15
290 24
291 17
292 8
293 9
294 20
295 15
296 9
297 25
298 12
299 16
300 15
301 14
302 12
303 11
304 14
305 14
306 26
307 10
308 18
309 17
310 28
311 9
312 13
313 6
314 15
315 29
316 8
317 9
318 16
319 17
320 11
321 12
322 31
323 16
324 17
325 22
326 13
327 14
328 12
329 15
330 32
331 12
332 6
333 20
334 14
335 14
336 18
337 9
338 24
339 16
340 19
341 15
342 27
343 14
344 10
345 18
346 12
347 8
348 15
349 6
350 30
351 18
352 12
353 8
354 23
355 16
356 5
357 25
358 14
359 10
360 18
361 9
362 14
363 16
364 16
365 18
366 21
367 11
368 9
369 18
370 29
371 16
372 13
373 9
374 31
375 24
376 13
377 13
378 28
379 8
380 14
381 13
382 15
383 6
384 10
385 32
386 15
387 15
388 7
389 12
390 40
391 21
392 17
393 15
394 15
395 14
396 17
397 14
398 15
399 20
400 14
401 7
402 26
403 17
404 8
405 33
406 23
407 20
408 13
409 10
410 27
411 17
412 11
413 16
414 27
415 18
416 10
417 12
418 24
419 10
420 26
421 9
422 11
423 19
424 7
425 23
426 24
427 16
428 11
429 24
430 27
431 10
432 11
433 8
434 21
435 27
436 12
437 16
438 20
439 10
440 17
441 27
442 29
443 15
444 15
445 18
446 17
447 14
448 10
449 8
450 37
451 21
452 10
453 15
454 14
455 35
456 16
457 9
458 19
459 25
460 15
461 17
462 32
463 10
464 13
465 26
466 16
467 17
468 18
469 18
470 30
471 15
472 12
473 15
474 19
475 22
476 22
477 18
478 9
479 10
480 18
481 16
482 18
483 18
484 16
485 18
486 25
487 6
488 9
489 12
490 36
491 10
492 14
493 16
494 25
495 31
496 13
497 19
498 23
499 10
500 19
501 10
502 18
