# A060385
3 2
4 3
5 5
6 2
7 13
8 7
9 17
10 11
11 89
12 3
13 233
14 29
15 61
16 47
17 1597
18 19
19 113
20 41
21 421
22 199
23 28657
24 23
25 3001
26 521
27 109
28 281
29 514229
30 61
31 2417
32 2207
33 19801
34 3571
35 141961
36 107
37 2221
38 9349
39 135721
40 2161
41 59369
42 421
43 433494437
44 307
45 109441
46 28657
47 2971215073
48 1103
49 6168709
50 3001
51 6376021
52 90481
53 55945741
54 5779
55 474541
56 14503
57 54833
58 514229
59 2710260697
60 2521
61 555003497
62 3010349
63 35239681
64 4481
65 14736206161
66 19801
67 1429913
68 63443
69 28657
70 141961
71 46165371073
72 103681
73 86020717
74 54018521
75 230686501
76 29134601
77 4832521
78 135721
79 92180471494753
80 3041
81 19441
82 370248451
83 99194853094755497
84 1427
85 3415914041
86 433494437
87 3821263937
88 967
89 1665088321800481
90 109441
91 159607993
92 275449
93 4531100550901
94 6643838879
95 67735001
96 3167
97 361040209
98 599786069
99 18546805133
100 570601
101 770857978613
102 6376021
103 512119709
104 102193207
105 8288823481
106 119218851371
107 8242065050061761
108 11128427
109 32529675488417
110 474541
111 1459000305513721
112 10745088481
113 272602401466814027129
114 95419
115 2441738887963981
116 1270083883
117 39589685693
118 2710260697
119 159512939815855788121
120 20641
121 97415813466381445596089
122 5600748293801
123 68541957733949701
124 3020733700601
125 158414167964045700001
126 35239681
127 5568053048227732210073
128 186812208641
129 433494437
130 14736206161
131 1066340417491710595814572169
132 261399601
133 351301301942501
134 24994118449
135 1114769954367361
136 23230657239121
137 19134702400093278081449423917
138 1485571
139 85526722937689093
140 12317523121
141 2971215073
142 688846502588399
143 1929584153756850496621
144 10749957121
145 349619996930737079890201
146 11899937029
147 347502052673
148 81143477963
149 85607646594577
150 230686501
151 2811666624525811646469915877
152 1091346396980401
153 7175323114950564593
154 9321929
155 61182778621
156 12280217041
157 10424204306491346737
158 32361122672259149
159 229602768949
160 23725145626561
161 612606107755058997065597
162 62650261
163 32566223208133
164 370248451
165 900241
166 99194853094755497
167 1966344318693345608565721
168 65740583
169 126213229732669
170 3415914041
171 5741461760879844361
172 313195711516578281
173 389678749007629271532733
174 3821263937
175 17231203730201189308301
176 562418561
177 2710260697
178 22235502640988369
179 3418816640903898929534613769
180 10783342081
181 8175789237238547574551461093
182 689667151970161
183 14297347971975757800833
184 9506372193863
185 1702945513191305556907097618161
186 4531100550901
187 10157807305963434099105034917037
188 4632894751907
189 955921950316735037
190 87382901
191 757810806256989128439975793
192 11862575248703
193 1020930432032326933976826008497
194 56678557502141579
195 88999250837499877681
196 61025309469041
197 717185107125886549
198 18546805133
199 436782169201002048261171378550055269633
200 5738108801
201 5050260704396247169315999021
202 201062946718741
203 2586982700656733994659533
204 66265118449
205 36448117857891321536401
206 5257480026438961
207 4072353155773627601222196481
208 325759201
209 57314120955051297736679165379998262001
210 8288823481
211 80475423858449593021
212 1076012367720403
213 185790722054921374395775013
214 8242065050061761
215 67712817361580804952011621
216 177962167367
217 6274653314021
218 32529675488417
219 3169251245945843761
220 59996854928656801
221 90657498718024645326392940193
222 1459000305513721
223 164344610046410138896156070813
224 1154149773784223
225 11981661982050957053616001
226 412670427844921037470771
227 5219534137983025159078847113619467285727377
228 212067587
229 47831560297620361798553
230 2441738887963981
231 9164259601748159235188401
232 834428410879506721
233 631484089583693149557829547141
234 1052645985555841
235 389678426275593986752662955603693114561
236 100049587197598387
237 7698999052751136773
238 159512939815855788121
239 28546908862296149233369
240 23735900452321
241 1342874889289644763267952824739273
242 97420733208491869044199
243 16000411124306403070561
244 24848660119363
245 128955073914024460192651484843195641
246 68541957733949701
247 4677306043367904676926312147328153
248 33758740830460183
249 23812215284009787769
250 158414167964045700001
251 21937080329465122026187124199656961913
252 764940961
253 1378497303338047612061
254 5568053048227732210073
255 20862774425341
256 4698167634523379875583
257 1230026721719313471360714649
258 761882591401
259 3041266742295771985148799223649
260 42426476041450801
261 6857029027549
262 1066340417491710595814572169
263 9283622964639019423529121698442566463089390281
264 261399601
265 926918599457468125920827581
266 351301301942501
267 64455877349703042877309
268 2705622682163
269 169360439829648789853
270 1114769954367361
271 430267212525867121951740619093594938058573
272 562627837283291940137654881
273 1483547330343905886515273
274 19134702400093278081449423917
275 5527278404454199535821801
276 1043766587
277 6861121308187330908986328104917
278 85526722937689093
279 6279830532252706321
280 118021448662479038881
281 1142059735200417842620494388293215303693455057
282 139509555271
283 444111888848805843163235784298630863264881
284 688846502588399
285 956734616715046328502480330601
286 1929584153756850496621
287 198160071001853267796700692507490184570501064382201
288 115561578124838522881
289 658078658277725444483848541
290 349619996930737079890201
291 227993117754975870677
292 37125857850184727260788881
293 118869391634972852522952098964476155238134997314729
294 347502052673
295 11209692506253906608469121
296 114087288048701953998401
297 12369243068750242280033
298 3263039535803245519
299 20569928772342752084634853420271392820560402848605171521
300 87129547172401
301 63806927452714047340778156846369278969435365966728521
302 2811666624525811646469915877
303 96049657917279874851369421
304 2206456200865197103
305 647277670717998240943861
306 7175323114950564593
307 216913841513988014390392583520681471857
308 900164950225760603
309 883364563627459323040861
310 823837075741
311 12722327040132186089258010295231047801838093
312 94491842183551489
313 1558583251423132840655438799726119705876273
314 16188856575286517818849171
315 120570028745492370271501
316 32361122672259149
317 12055334654946982453464994276837
318 4523819299182451
319 18626243184683463348283529
320 878132240443974874201601
321 264438702655226193752458581121055151414928921
322 612606107755058997065597
323 22469617515216274972459349854327642081
324 6782976947987
325 49284706967787569058301
326 1686454671192230445929
327 1589546141427272679433846364366380457
328 2684571411430027028247905903965201
329 127391874411097592672469891375644477141948573020237
330 1550853481
331 22966686648632120276391228028485200841318497622533370591664502461
332 99194853094755497
333 930507731557590226767593761
334 103849927693584542320127327909
335 20404106545895102906154128520186891133003217651144766361
336 115613939510481515041
337 1171266446222833267851409604104331211834067048447153001
338 671040394220849329
339 2209878650579776888742215348691420033
340 11614654211954032961
341 4558282384863830955384586674337
342 5741461760879844361
343 108944170944009875978306751482234414702393
344 126117711915911646784404045944033521
345 25013864044961447973152814604981
346 389678749007629271532733
347 27752129035785622184033593
348 5639710969
349 38821811608439215392813985660473247253
350 17231203730201189308301
351 65790321679740490371744098034257
352 319702847642258783
353 35980201101257391549860360923563262525974949247991832187257385201689
354 105117617351706859
355 49279722643391864192801
356 5280544535667472291277149119296546201
357 27653866239836258463881623092961
358 3418816640903898929534613769
359 475420437734698220747368027166749382927701417016557193662268716376935476241
360 13373763765986881
361 12020126510714734783009241
362 8175789237238547574551461093
363 9490559604335963796081847699035385001836615801
364 6110578634294886534808481
365 481086261779233475625991833542941
366 14297347971975757800833
367 797357235624701499134444201
368 441720958100381917103
369 117838518633351469
370 1702945513191305556907097618161
371 1066891454330692360911118469915492770211286402568532457966113
372 859886421593527043
373 2416423364226955152383303968756154137928463542120118369457
374 10157807305963434099105034917037
375 158414167964045700001
376 153037630649666194962091443041
377 608146585345567981670893199985449202015060094237
378 955921950316735037
379 1243136101631663129079979782427254735474816905340504524221
380 174795553490801
381 3185450213669826966828420712039093359617657693
382 757810806256989128439975793
383 1963007348390950600033407902951373073993
384 11862575248703
385 2638710957802673148692221
386 1020930432032326933976826008497
387 38074001361639245985686714500108609
388 2350117027000544947
389 27100744230763476331608468125704435058854674830597
390 88999250837499877681
391 33876293667763037845180174261018935516188548143467726630277887857
392 6100804791163473872231629367
393 1416637080946563927978520983870724423060828193993
394 4701907222895068350249889
395 148953605644242840431762356563438185533394886582362797645241
396 1076312899454363
397 307203719010249860094186673433457816461942845097
398 436782169201002048261171378550055269633
399 1059009573400125529504166094598642626708730201
400 3160438834174817356001
401 20511004284187109877126452996177685582573434310785829998805054825748557857369
402 5050260704396247169315999021
403 726796986826035940911404502049392514854936553261
404 547497418496144666543167613835090178297001
405 58441864401139948168370041
406 2748232098283374889444289976282269
407 16858791493852006991125693680612934215433660323341561
408 470039965023902754923207
409 13274610762728475186529036678515926243932120323278453753698141
410 36448117857891321536401
411 19134702400093278081449423917
412 46235392144586222367191440726672730987
413 16152102821660189537197311838569854152041699593953947661476644869
414 4072353155773627601222196481
415 2848829070117112957136261
416 39586709834808244008811690207
417 683947238399029925033711768294717540495219762245783337
418 57314120955051297736679165379998262001
419 3393200564226497046882583008131573453035659086661826488296331577216633
420 140207234004601
421 12419612272955106811356207991726829826708946646468147276038541
422 3768695026320506495615952689771
423 5059011062939973161728794842994673444156809986180713505281
424 115247030905506311529891723062628161
425 10112992306285268138636226624093401
426 185790722054921374395775013
427 111563103944402441480308843338387667157
428 8242065050061761
429 2663396138301998847157242280783003329461657
430 67712817361580804952011621
431 529892711006095621792039556787784670197112759029534506620905162834769955134424689676262369
432 48265838239823
433 1387277127804783827114186103186246392258450358171783690079918032136025225954602593712568353
434 11260169813534893704769219
435 7196661390635764407916551386458559471906041
436 924503867289824805827159934087885660335843
437 405200132445106923681094442501
438 3169251245945843761
439 329541040898736809891408309777
440 2800076631444853778881663695403201
441 340324206333464148283190550609393998254447317949
442 90657498718024645326392940193
443 9314852044499095088136174224518688537294606645165137816589
444 1459000305513721
445 25881382454011167597293539763392241
446 191782505151874799799825102831271417475449
447 2041439879348543749772391551430740910004881655249657303909
448 4966336310413757728406317515606275329
449 3061719992484545030554313848083717208111285432353738497131674799321571238149015933442805665949
450 11981661982050957053616001
451 666146992336447094037882680026427177876016818933
452 34040411535767969315747440867
453 650485110124585564207518444489238632181884291012150730878874501
454 5219534137983025159078847113619467285727377
455 1204966861388885141
456 65494688793368423
457 1333927604656978699303117473564039266491158034086156293915167939724355557163329381
458 104990418946773667410736999685208265866007631
459 20955481081478349560251309
460 2224700455311857347241
461 3265459874889974301958128640187194421
462 9164259601748159235188401
463 13318786926038248071237257909512174211877366968685450030171670663391231386848105517061
464 43561231976081277978655158673967
465 627655040817361
466 873757179900549251563653697571
467 241245732821994564754865847293001548284668180469528010576021
468 123944171348849444948627
469 1629657085554814314951852158148550373
470 389678426275593986752662955603693114561
471 516975898656776821074144595127483817001
472 2871307447985313921708888731089
473 8228019283366277070501055486275876886810133303013218656073515564031086075210462502794801
474 7698999052751136773
475 44067633590456053146815156009838116970235045954436788435646501
476 58351516230584163679868441
477 108374637487602189019153916665068012733827793168549
478 24216191671442408226762026802756956706931169
479 670840418331687038417340478253445993865567141692323698063415069
480 1999653272832963841
481 923491964053979620044267467977143148287651427604351735846749847194791541
482 43219877626484550971962471774087607599
483 6341452905360146056272600296395866384176869
484 97420733208491869044199
485 299961374372702604932397213521
486 120074026624398979403194983601
487 857530162443103645092016365167333548053095312130794224202009189528601953890493642138861
488 5500902230146438151405489047
489 1226013535493914575737104535462481893
490 128955073914024460192651484843195641
491 7989930331870878172694349568563967453474817377713504694454418890569410437
492 46724505421882309671121
493 26872515696230594211399467081043889858122353633423500997472853513
494 4677306043367904676926312147328153
495 108731473304581613972583522102637384921
496 73483350528661634941003491044929827858529
497 5996086812383398322557746546772499944741874012058987858857
498 23812215284009787769
499 57128608773902499888960755640879595424590122515509365520944618528846769695130838292100993
500 158414167964045700001
501 351082956611639069560238479712041302626479716454577
502 21937080329465122026187124199656961913
503 196745364145020787213452779187514784417
504 571385160581761
505 12588421794766514566269164716286291055826556238643852856601641
506 439589715274978576995097049
507 904631677874647406183595497
508 76252069628164074340107412376147
509 10597999265301490732599643671505003412515860435409421932560009680142974347195483140293254396195769876129909
510 162716451241291
511 465532098965649208140836266106034145314280492322136535931509597
512 125960894984050328038716298487435392001
513 35451720286800511841765814302792808604073
514 1230026721719313471360714649
515 300367026458796424297447559250634818495937628065437243817852436228914621
516 313195711516578281
517 19734956865220744491464525121486672913
518 330666900546898116460968438563218940272271
519 43161383894452590546002225010382867863046433
520 42426476041450801
521 4036141602565042506796807411189386353445847393842345956712607766030499464438698873
522 121645431297608956949367975807331201
523 181774461178042112700966358811703438066944381095460440922027939977
524 854788933334042653924869941395368987034789067
525 17231203730201189308301
526 9283622964639019423529121698442566463089390281
527 369639132973488992619493837433378884562914511905226176930972234641134289225333541
528 3068718630789795983
529 6174239434080219286005148715778137579702050231573
530 926918599457468125920827581
531 169306734318746382672874181135802798876447964518169
532 2608509549583653221689
533 69514474850823638832898000642720041675563690374321268644355632697
534 1059215940559134586375464519784009
535 3077781500978983285852936834864554143272298231123433682435700521
536 532023636345822147038743367122454382963889
537 195506819119444628118393349617623701189123224437
538 169360439829648789853
539 50482628680586113961038708678693391038418642373035322011333125610809
540 100873547420073756574681
541 77167083482887551589901586681199721079248267001259341766469347508011462042026951242094776891008933
542 430267212525867121951740619093594938058573
543 3903786629336559916994727361478951795388816198164294786919716213
544 562627837283291940137654881
545 1412605384442881872089827815261929140500730381
546 1483547330343905886515273
547 190560254904134497360238364066612854122400596211464361
548 461963939612677343458490143601
549 594136812257182681897039452124129
550 5527278404454199535821801
551 81732841953992698689344975060803302740241668791169597599462544177931137549619979352669
552 18423463609862225329
553 2217500712416900346593531651772013170611413
554 6861121308187330908986328104917
555 1702945513191305556907097618161
556 63749871895972620649953899115136073800470980902829089
557 38424026796062313302715302133778417447831106326786049717713
558 3790399876570715374441
559 50367536565284352581745551379379797968496301
560 118021448662479038881
561 178990366429206972707092776889535507078451721820273
562 1142059735200417842620494388293215303693455057
563 2081300388105655483003686523880807573691414495497402129
564 1568243714391295376547405323
565 296465706730319961054054836347142604224829547038914771213521
566 324238999448153864959724538289151678378314771
567 27719393687911890721
568 32165609929722273666211791549816223828923850302972185505601
569 36684474316080978061473613646275630451100586901195229815270242868417768061193560857904335017879540515228143777781065869
570 956734616715046328502480330601
571 96041200618922553823942883360924865026104917411877067816822264789029014378308478864192589084185254331637646183008074629
572 13092861035652370656608696909281
573 2647636726625700578206493303064897960127281346289975589001
574 198160071001853267796700692507490184570501064382201
575 190472643386469063104903418651151427035845600442812901
576 1974737795746080149567
577 623602466861153103077654700501274244965966824568046337088367841774743365709581415501808824921
578 795954394282744053474161101150396077552743674481
579 8289138931615872207442447534793393710629452776043302729
580 349619996930737079890201
581 788239131009627610881100882530876317523981489465637246692263898989181928605068991418572396421985501
582 227993117754975870677
583 160789645745967042205626217800354625754262223649
584 37125857850184727260788881
585 624542923122551721493004981706558585672785333365378999981
586 59605095029402530487010572214642235677583217188556211631
587 68813279412758805317599642284042748702283526031784172082377923203997639746119565355079473949305498271312930207457
588 190773791763188929
589 329494171307160256522327331830805885950208245718541385789949
590 11209692506253906608469121
591 15918569172424565344075680728122279296922081
592 114087288048701953998401
593 1870472540460619021455611995016462930553956393761
594 12369243068750242280033
595 4651115729702571326164661
596 1048397584307975025515107529
597 932699779426192039767669517873373284542762481
598 20569928772342752084634853420271392820560402848605171521
599 15854002189757265085147013538609001743503630207353895959962201140747030321340200746820524754308402582035485933
600 87129547172401
601 7924260338249897814387874961831521898043662495998915398786511743717305296031093891098279396811260320046888441
602 63806927452714047340778156846369278969435365966728521
603 1043851595185179606630840198675850291567973816842627856787217133
604 64119657493918388500959028976916724219027
605 818940003141147329414971416390688152473798251492190348611039947092878880829430325461
606 96049657917279874851369421
607 125512185328507647557397355652402705170063680538535680960401437817139872886990363354667593626855829
608 2206456200865197103
609 16061923288842320050448105252433765264645812357
610 2851671040957030569903401
611 78793237594713531805991245506765164490192753686962271729668055350433005719300298736826752977
612 168778913873539642145017404947
613 640533921256762287061021544191816475281134371932094984116800532167821
614 11739610117429203651282768407085324070169775523763828726810201
615 532216332460099271430601432322041
616 1935298980672778761041
617 432245526877194587408796844081268363223143757129179425526663870910130529897089
618 2216051880587916003268636813231
619 248825147396336304582370574626699363123835244172196051741434532158291098258439958157642819216575829803638503939477709
620 911316263659755894779625401
621 305504674058681335357289317796420951893158199699949280927361
622 2890615644252691924572487628689034423952562309093965400390309
623 28506446939252712131598193242773779437898702752512696652763507206323606909413034247353898393413
624 252395324361178683936108001
625 4058732337480272357397526057719737468148541858623561199073004257501
626 258899611203303418721656157249445530046830073044201152332257717521
627 57314120955051297736679165379998262001
628 976922609704830455114855830649608682719829067966633529507
629 4172431487136960169126185869685726431829870488940545440043911653484972917329
630 120570028745492370271501
631 560477329279636535443774833644977244841676522225796670095903980466138109311302800798752120817517713622892453978485674084952409
632 231900742042861225269632036231770950710877804680654044867543
633 668360360027354504580730486579217
634 28206477527834707033776102306507709
635 1147314300240790441071246997668176577180453802481210191338741250845256597416951368882041
636 116171668216510969
637 4928303428036219693248947882047237874675563669985178422251404481255421649513163072493
638 32447179970327852021339607533382691005310445765831
639 12324966636176048713264320134300611502007494126386028246988832095247429
640 5079180256659675431743744001
641 265588326166762401381829800458633615285658614651290846651994352013
642 264438702655226193752458581121055151414928921
643 13106095308226586036936833042532468172652782162531873533163661265486035773142201
644 8357802723902097130683089
645 9159411196439308397478462543930769648261
646 8567112840278893965438720953737489208042629
647 16641388383101596802186929794639575638469748235996743809
648 173421718166321520831726341471281
649 668657867718263538610717799607722604229595626129
650 14590556568276009782648851
651 668992760480767819582862823825087160037161
652 78467630622694196662242013937213314987
653 209920220569318301771955243607121764929397200998095660139145137891472123392390845244688591230489792038141853
654 1589546141427272679433846364366380457
655 31060079569208377514122294198026973414306830592884457560395953893681595228694521
656 7513601265751126919260420528205646210878820214173976884762475096801
657 720459916231157618930389
658 127391874411097592672469891375644477141948573020237
659 26432223215484862874232619184246143984595560765194672364998555273035285621
660 606425727941381041
661 6972489834417050968196113043563295167940921145270312025483280931589
662 22966686648632120276391228028485200841318497622533370591664502461
663 738176109604108790502221581286076181
664 3542562803359306968528223771202195633542893296819842168040162903
665 929967340482033846923210210831820066103506705843823801
666 44566024170973871368464275116992799
667 131637920828181850252735528587604903364659469494197306377381846238864588315078467140533434773
668 103849927693584542320127327909
669 6071779617117999594835757254262106185322243030667128113
670 20404106545895102906154128520186891133003217651144766361
671 13396668724917759936969822396834064307947197060095457257
672 115613939510481515041
673 29272423979919672192310330823473688619432245469351238335133995193
674 3651575156022459933890370204120436853816552382514920496951
675 656996318953349439721732908912325829378630572990405083901
676 2892106995173496522201467
677 83412776666668340974605642866717361170696909170976578943224886346525020926392657448369
678 2209878650579776888742215348691420033
679 116413290472394402926216875991548249057292238942295926977194737909310659185853512301
680 3834936832404134644974961
681 5219534137983025159078847113619467285727377
682 24968047172542592952969282984682443824284389694771
683 34051318809778002235831853219833782387141395889911705248088457225967861298352182181097
684 5741461760879844361
685 3535270078639929879928381087926527488193411094610172021228094281
686 7197108309638972949020920202934083308037422199
687 11451679269411697337009089362255999092646667621
688 126117711915911646784404045944033521
689 73431289645455135332945441968975559612512706780855921
690 25013864044961447973152814604981
691 6431981301536327701664701493552245808722516053913206161345790279122462321
692 9926174206197176782314412625771198320265464117594737043
693 1629572062933105883847537440413661119505449668753860500283218379718938265601
694 199187460399042526805980487374118125053459971811841
695 156140751694406475525837397136915471354311030650338314354353524581
696 1185031046372137517381447
697 16132587370020466820373507875234539048077479076100456281273859553855323863530130805227676140497340955801
698 38821811608439215392813985660473247253
699 3565521683196754943245655497577124992129207006684416683019466576624709676217
700 7358192362316341243805801
701 11947561542417858603339474974974362588346449597243255014341633483530449828472737
702 21104087776648187459376854003284008649
703 876211364535329598140106438429859003671664676951047059257
704 1931734634522754726108707718410439174358483201
705 2206776702846596214643556003986234287315361225117466915307404612974529881
706 59242995313457729780510823767354730798286848921481374874264534705573628371
707 340852622026570815955088245005800296758582700697177471950760978019328437129139442643442010467764467546024009183792089708533001
708 3490855311525894593942346160303930322601870428401
709 357889790372706798776186261711515017835785616532620883072031919704309640305971173
710 474509504128267649899203532561
711 10647444606283332047355243227101
712 565768471959285714079262248889509474547974219027885983055827845016103
713 815385379340671319892384733618526017193557505982365518622130914717
714 20379621866912041009285306878000998438281
715 10786112041814106057107739276916927047795132930133090455601989461
716 24542088379834158308710757181431652367422241
717 24744769393544307608538320116459769387863284642832131983839761933049
718 475420437734698220747368027166749382927701417016557193662268716376935476241
719 99018086508927936592371327924970968235793429056475134768160504961013
720 2563987147105929622138082038024801
721 4444800806221399924146044851414722754410744391107567264854379487047745230259380469087769
722 1858841540373670700398200442883277461276109110358161
723 13552739195808198555046535587134760515766373
724 461802709627229602432311407675108521
725 1991273438091391371246034149831026345758163969671954617312345188168401
726 9490559604335963796081847699035385001836615801
727 9611917589962094188305818295559802455648371188299022065309416041004390653133751793714950424784893
728 1683719541502120223141651029918429841
729 342249318383371139020458697145863564912038901
730 481086261779233475625991833542941
731 333284767181098299726367145497418276521316299097073514253283369522244426208931544433018318506688502602089013
732 7181634929637355776701081412683
733 8310770975215182676717497339358372565276417636491485913741496802648923058808965244773793
734 797357235624701499134444201
735 1446408235838986183956283053363418526138975817379926481
736 13484292549345009218015967701713491137426073107017330576389569
737 355987313404460463024766879912130111237550142620657349045631330465911994513
738 376254926106165750813409
739 5193041771099502722422864551454295360952618958016998102954814413205235039445013
740 3835428969729521900864406164428218332995201
741 369050841008485166843239976304841293900361
742 1066891454330692360911118469915492770211286402568532457966113
743 157664529558998866922002271413875720888853848814019028640670635693115225771344366562054407347049721460915354095884575619965389
744 98465083280977541404796710798431455619960794209
745 583577250000504048241993288250043112149563992216999928551160193607320543241830317545241427620161
746 400254035815230315691149177295200682735160941001088181098834904823746738439
747 72461660018615932844336913997510473274896884753
748 10157807305963434099105034917037
749 2562459556732482559057850972298376704670404056734491947203699916059407498903310603499415590817940295927585955637
750 792081397330050024751
751 9420647382466359342843828636040792346640729638821749592713819671487605931349532782356151585433542297
752 24372891567119546024482755738068603581938859649
753 259649627206251281159563835440413158803552511411275507758580751237
754 608146585345567981670893199985449202015060094237
755 717183675566658213132761730294626635650067479275923957352582406983301023453681347576121
756 18788923389546130048317121725489105289
757 264340513394693862139583255443816394112306839917896213876653434364401602618607324930072883666648109170633510364985134728033461
758 1243136101631663129079979782427254735474816905340504524221
759 6061609410935521533326392165802056991512585693980524387951066995867277
760 104641758597793369564291770632634826877317038542801
761 24710454631384561792643047999880752622749190617762728533449015033507214066712387327600817
762 3185450213669826966828420712039093359617657693
763 224851293730232015794739388473246984137259101719931170165173
764 21201122289366160673292124616275046288387257238118601
765 29365914412631953880640421809261188743280557031914639081
766 262049896393105557884983790284397553466196701
767 23742796696868607519465020091197802571467422272253936693
768 74374487830388825730162393840383
769 87070886114908545218966321052841100006712104624152030048815672556591218303115368781
770 2638710957802673148692221
771 131406574060578461239162302695445475836387075292244225875411667043425866999612408580365008680009889019290421
772 4917866680542437909589045461010332410272345627699403
773 29243247128455092522125320589545405932474231719276722353543275243704008605748686840759216259270487301419664382805381
774 28184229448040590408512793395201731274978795984709
775 261610534074309658571543115672293316512687905814248902551303964347650809277021901
776 5302128857446935216982971462475831424585281386810339485459853126241
777 749558715355098008814132766320064260438080149167115226835082729
778 506500558078271291193254167726983153455094605128812878961431839
779 46334168081604455554850828960422904086743658526902256516784677720625470747999319414768284449590506461
780 212661158362558594566110149801
781 43047933123104992117817998848169731258314266803600849036941715447545784265722086408299886329141046679300145741
782 33876293667763037845180174261018935516188548143467726630277887857
783 592228277100581260507595148678597035738890418193546675966868274995560989509793
784 1290038175039560430642984778500260607762641561539198721
785 292011885702079956015511007753164769953778605277371864383264568424336373039381355714948562978005965594601596336765559704781
786 1416637080946563927978520983870724423060828193993
787 36633852715030763439442633005279806491336357339988334127058216172566819345937831641
788 7573331634811907277928945125921452557728514841450660832541351241
789 1610713467184596053824767710844925279755707778698404280581
790 148953605644242840431762356563438185533394886582362797645241
791 70181221812223576335071664370453765321849269648670760844895204767989428170821178973723780007008390638094939297
792 151409133906803874308734561
793 126933607933301537850997797641789787840531099930129822907750071799520207122397
794 669489488461007623536076657264221325654746723636804695546641
795 242583029493637578022782276647685571220581
796 6683544495801964232501796148042351709000446963
797 450027219821177935547891756290688903612801527274060847568383670720378335924826124639317968701
798 1059009573400125529504166094598642626708730201
799 275870209106231300157667948096986077459919003296425244010717613943618464079268227501016661
800 7601587101128729489773008667804801
801 10139498482114427149851603427973842472494048597551908025459181785810248363949182035192492311409542501257
802 20511004284187109877126452996177685582573434310785829998805054825748557857369
803 7048251598191381178122161951543717552451873819646944145316537537455316221
804 3625049985433518620724629754945150956569
805 660197807808925399815745309795984424904274580236856941016852839261
806 42430536084158188102317698250762108075724699403871413365975546725791
807 68146945557115480342587959750535304542125032211535526587647828657
808 259810712071020092939911160510563206299521186512399367
809 460790237737075901783139433344885204396934236119794990093498794002424703101891795147589
810 58441864401139948168370041
811 650143922759475181824112939164997058026141240915044042097181705914426077536729879912533
812 2748232098283374889444289976282269
813 678417763470053857873394894915795794423307410664594966695950605414913215692214592619561
814 311379581597016565173529362255085372911306092656839779
815 44305216563503281426889355472355187794569796443499337847936303389917667276690296318547557046302396645965581713259641
816 5474303442249842401513080472803833316281938081
817 9084846178683632332338207598733519758239515763400535682820830402958531335418365230729201170933944286287892625831413164400203229
818 13274610762728475186529036678515926243932120323278453753698141
819 7448892545165570081722957985728945396313355391249005100086966167123389
820 2322429099336692919718294260481
821 777561194754853623381814952057754151875395795204681150545052449
822 18070186267894449189347092077457768249
823 36471874448227720936894732382779976192935371981127329473874089734385747584957696010288197844122947020448732252168551896728303312940687751590237
824 68584251594840448395744123208239882389888225047
825 1456220087236423815291500998738201
826 16152102821660189537197311838569854152041699593953947661476644869
827 17239868933231410572458316498947999854910104288278141976517
828 1478978975454355328412104109868761225273368881
829 2324675450568221588562774919482939452451910774590305268654853882957246124631387025713331375750139357860678888099161811138360811190749365721
830 2848829070117112957136261
831 9207907540555441372383720832720397295002106431853522076233518386719358214777
832 584875731540300882607396508321487635244484155302074048573424052273281
833 88361145727412965319230538356111206764427368175750544179665724121
834 1879523073048023218194798696994440982313556284925275779
835 77557927302165929031328297256198086418941136314457421125322129409103731839638863371403131001
836 73502940281121902153364677850462275100656711627
837 270391903851995476824987608803105519663433
838 3393200564226497046882583008131573453035659086661826488296331577216633
839 372934537318887892607328730308563466286538418753105184707678450340837571461675312075877803716344004495363331122157923939575295613
840 13076262780531942679085440491796970310241
841 171503421206650071812102191923879295491439064920225591447132219828266555229456985792157647367849910520361835512578145874227141494348129
842 12419612272955106811356207991726829826708946646468147276038541
843 602380442298645276026197871372093645108147087270214292419505097
844 130504869237181082393073724631146963189384763
845 6459100916853585726791699093116817704709027994080330360589432706282351679526838055580108849034485638598187241
846 5059011062939973161728794842994673444156809986180713505281
847 1112771797292981953964501896920115659334824464666714865932063955355174287222403592963983068328658373832446900517824178440165769
848 112617883853409480474529393535080661039525648398049
849 31862065544775814849585356983225947666199928239397650472355046947135049662731963261080498960592112246133
850 10112992306285268138636226624093401
851 9478469517391380231584421177065734270459403472288550025829264868939495501651757065862201426761
852 4854330439365889765803819529
853 636317074308978549479479582318205911809938467911786658110743386320444191921166932566549586744934904127248690816198249355422533348181502209
854 2897674598810659877622649944517810678643789178974565606762691
855 24324947725147620542166474866931849535242741694963273890562678865111341
856 142264876689191867899932963896908856493492846259257310816208161
857 62534587318514619114441758714674016081284056910856525355586022139090076341529
858 2663396138301998847157242280783003329461657
859 2046975334819409465868602321742018970090228525896623228723041661174117560147562140038164221
860 12527360472165929415687538395564750361
861 6566603674425721252194929042215591081519400774068805844477822962361791608176259491243387941029
862 529892711006095621792039556787784670197112759029534506620905162834769955134424689676262369
863 34363571446422215249526910251697675894251181534293164749178033549818247339466102517705600896413971753976554598269450079701583846078222907044031617982314871959482661
864 79914045929576045795423
865 32758326051898480973701707918281166380894597988249546107340724981386412836180303449821
866 1387277127804783827114186103186246392258450358171783690079918032136025225954602593712568353
867 1577321592017158109450513522899099388393094597641506814552471341884857815320857
868 923360588683401770105199074603
869 2165597549494960583760883312785830024769717354721669
870 7196661390635764407916551386458559471906041
871 4573094644052517058776271971378388884675312434038088254006481503762724788577229267389282295980110118237
872 657260575798011765406142510792855512395193572120997168445702890242321058261403681
873 1397702366576575638289718139911209678250017927861061918550082843852425921105752717
874 266146882200264269210394982818118404450063235825822769857949
875 7788530618790666624432955667494630820914012206703787501
876 501210633555112203395744292840696029987
877 1245610977276441831524683380460646950665916322771074744259307023289835885107632609085739086361021053477412400597115140477308941068189369
878 13345777072640252551741515140876418537140353109
879 552504924481966527889771101626592776284646184710489150033
880 126221993874858671057034908285162682401
881 11901522974629085773570686058316996492181361863244159044620836096393634326465862925724398496807479960854402954569932830671407439568888193406361518337678846226554053
882 340324206333464148283190550609393998254447317949
883 1475135617659861673894117971521910975090518120210051650873197960095695201082667103820155695219774162691029922935430369
884 9774149436586180936514535621848199625965839707
885 2950125760160829736601942255858227444714880082830239038022907779261
886 1058468497584673231839683421107696696195973642200254474517777673097952198651301042859
887 837136697649330861153430201116356670864001865952136887736292573157137966757654336852712686060474533655451650306695076939707773
888 1753583251175771127559228156664349601
889 1970214108019470990776726568930238233591919445426515560771659454481251523251655964097545520975943431838145332563798716380643046032155294529873
890 25881382454011167597293539763392241
891 259070929148989699406914373699389213998575959861202637075200737598051692209715422282187741
892 331881380821075796562141706309693205920002090318329169413013943329066932468947
893 157536726788425898118683269083387560237784250114829355521202528516795875220234718175246546025539564494026089387744402081283647324127112619879474823857
894 2041439879348543749772391551430740910004881655249657303909
895 324540123229535877422365491440013475519630349698439401426004078047725636841
896 1696372959419763718936233640481341762009277301583325762687
897 20569928772342752084634853420271392820560402848605171521
898 3061719992484545030554313848083717208111285432353738497131674799321571238149015933442805665949
899 6999237992519142957215508809150297125108690859776387477282595890685606578522166956254042471172211618343864628275979591321791257846966896348360175314973
900 427694148584338087778220001
901 8081470979257453648349369708417974496241775060872675840850417828324907801
902 56909671435221082533169582520085662884377962564222829999842181652894123123019
903 1395074096859278363190191555545971276908614124827098908595241385861764117244912701909
904 2210998567519276821684677991308689801297601
905 265581597122452001993802400087243543633048233061507233302652265214979668564599497546106930975890059077978913637753450002665836821
906 650485110124585564207518444489238632181884291012150730878874501
907 58868736289289060493391178134594584876234119379696959155686725130579825687838392009694221923616306673547219437647466274214401360316448942583520144563249
908 3375800965214715251532319639509962280812586241
909 17778198683374417025968270903091896156398193240483612458278645095465770602471130650319437
910 113048264824198005932716451
911 3922876045971816746739114131932299151981073090832135308493695796885338464389900318138278951166981343074097512040889
912 48117413372195509248992480097331875029761
913 16903540007767731382979981581826712927757920891170263191455260839749908031894042204413107893926633036400818815874859200570899587936742786485959305577
914 1333927604656978699303117473564039266491158034086156293915167939724355557163329381
915 9253717649648153631934157707412930885620090321
916 173467444183092889465468215059178872136180865847642115150876882787982326965619685734718473208401
917 63156635972908768742024741435779741461644905084232364348966246368101525285264689579984712486513506832983739771568833636704625363215555310009
918 1542997498640271499937518740470741204744064057385067934850561
919 16463645929932437421060390115109828081804784057565237590229537900216464508977239748017169427333
920 6005637578455656716285540173350865292588894394197418401
921 2017714677517624086655835261687632870253
922 2503557480021275090919649516098944327787405990259
923 5794585821253887608056393564015935917898825846582949527841823324386452447961781865707821
924 474785544229438889337804228688545789398627
925 87090701703928994030716750348148722070826476887810788071391567582082953765904860016181815800958233101
926 13318786926038248071237257909512174211877366968685450030171670663391231386848105517061
927 24056473873882006569865812325849504471431601
928 18582822567261744030055127374935263414944062870945834155521
929 23904478877682090242324428473064140630369809983117586811618298995951239924961887740993417
930 5104614261828646351
931 40870395814374636398726174979273013907593665342382005239932961658573541504102224414881451889765719767393
932 774059118009573470026172798150004363897927179083994209
933 140113850076916624186669401479101552722159347280297104700013067445822301
934 11567144229346384723377331306387978117337590990844704579284388511
935 405665638499638295288022197670163341037589613006328044565512581067782805363245681996642151169928480537447725961
936 1543279476449634699608479692367598435286976050460426712893441
937 28863639729187572205404554088159471900606166733937105604151522150908403775779354456225844762935280619953188653712409350230404309669738826261432453
938 348554716233160618053343042160351491314563513217176688859
939 400005103532191437854247145498480640065910292137331824704367464356033566569
940 19809950476703891759635852223863606381827838846342829232189869441
941 1411487872157603969397956840919020071477418375706465577496590381277195618385961157484488490883047451025515817
942 516975898656776821074144595127483817001
943 33240630276324584532284831406505268861586118804983692750782989630139445012108406912328158559681357
944 2042502225245286007182149832790230768872597625569
945 17607732034386387283996309311942469969073145363781
946 8228019283366277070501055486275876886810133303013218656073515564031086075210462502794801
947 186365486096621015379555742238787157832956799278842483280452850531025367709790947840194385070903132210540844892758606277349704670050080853048948465009
948 376943442492584130991581889
949 202897975352502067090696066517903366120042287096027825476596131366717271239215551376740022123344587512449
950 44067633590456053146815156009838116970235045954436788435646501
951 947376020793222185552952316238551861316022778030016057
952 1242340672101622515322951453717640776208728774955230695528416715857159207729
953 6385745247515656132724659362741335499305275558613076303317320383988371757179717794857
954 108374637487602189019153916665068012733827793168549
955 66534280801880357071525242585252509316112130901770193388640046440485947541
956 4146124755824254011197546970662762320164758443697460091641243037362105014072881
957 884451030912991824895368590755781521374053193328267694406471422603305448467387038677747045211338717998695869453
958 670840418331687038417340478253445993865567141692323698063415069
959 117548219131804957821414011846625643536483408864904436905832344423643658579152488597
960 316837008400107576629115441641182686718784605974069121
961 33074905269097488439247359586588852322112024645926654884235516733791617908674990901
962 923491964053979620044267467977143148287651427604351735846749847194791541
963 91982667205541327535921909081265608242479518892168350677
964 2521500603910670105933130819233403211894965047617170126904127827
965 658246512661789020248060617330595267388490782897086986551301530641
966 6341452905360146056272600296395866384176869
967 25130146871562377993603431165748416859354951353810621879097518466000064462101
968 609082532583028967505730687254430804450231771412743
969 1474013690273224037316548921112665591417763619856671169201936446177861
970 34962478192749096461017520292718749827531
971 3290293359674720847749836799093599076950774551700366493360155541871073
972 17174107866559209832245996776509546318861182768126017871860347845227
973 611466089763568578745394300142471303240984875921556502042943430023196393218527151094294988294805704155176805606529920605915342609193730117613311226932226654610317
974 122846467354664998673916230710497626221725181854388618970716775441557425146335243230790011982111099
975 163785664867835450965098446665142900460462645776905046880901
976 6441437021434315318928919220679668071260908685659726779571317918500059856365893629903
977 303509969419850757010183997193512103292164733500822713207229310634576925856105195993156709
978 17494868405947001671095252113265784464651091
979 40446617763080841807008689746330668224347076542126776880612085468093743954220718265826912845283629404907277
980 33537683195074386504970032502263745564778952960326126761
981 1949451297172088990006815932944725165641955731022375894081
982 6022785150083077437913621379480345923677398553266365202062238527938762082161442441
983 964102136720518222853479647547982175035897911521244048554600364920333893403331892492984030306755197030784309459870433639435730586027548863291755243651390225781439987265178073689108412821171344237
984 2684571411430027028247905903965201
985 1402092212888671686748330005912739219284322280528648851297945348507797999635808850790502442839934569436079797240156530261401
986 1352091823712049679616025983437139711549290136004358066983966563609
987 1634170011677003083939219758436567027500108751811169745526685713
988 2880263594682611586194095910638753401571939571753185177520296837798420881953449
989 3575899995994725532261609800086021847335656573099669271409869790324110409245881525360755873205295380975227680805673246657454459660916133499983716804517
990 108731473304581613972583522102637384921
991 445299573375737564873989047380875367037946911290750507739076358829839160938792073912497465457696730469933349161323754150931064242124123667140743367904690582510420033078668320664937
992 5918348615240980251116126461376349418505835670849224154415447605130311302713970847
993 3084967403177545013970567399681636157268005200123875250158552054618546139605280752776725541
994 5996086812383398322557746546772499944741874012058987858857
995 40403554071088151520608002852733631820943995131673257705056154379655473264829041021
996 212216314620580244514251999177476639338737695720283
997 351091114524199570730427421619945029084957644098669013217327405859402054908216008832249544669174178909820684413614297716980411650822138944562214697121
998 57128608773902499888960755640879595424590122515509365520944618528846769695130838292100993
999 49044806374722940739127188459343134898237532255227554514970877
1000 9372625568572722938847095612481183137496995522804466421273200001
1001 46051361876019993056032153159112764928518076136032760569320871268374299454861127226737142167112433
1002 351082956611639069560238479712041302626479716454577
1003 120150647012269739034602601749623410151714039067537709618607231730702242949227311747060436811385001193988608174103333253956695509816625274310156919967938525263124242714479739883837067986201
1004 293600609131554184662097709148170441700404322993308736646894126296993905128985766881
1005 10997061097092427532544917221341458994887154863443084531915173089761744886170366141
1006 1320635738332838963909223928755510140034256069418124684146882354518875225823337405694736924839855437876879
1007 42989504244868776427739274409766330391387304156184298583396733026671956460472995901519617477176573064369947753400623449769
1008 1543264591998068763587428525085857166094507770366933120040961
1009 1926231567882512101883690436059725849373269373519745173514065568709142680990835085409
1010 12588421794766514566269164716286291055826556238643852856601641
1011 59857790257837875076539092535420969915617737404013512793025894855518061519755561
1012 3584067779910136774717365896253615367627502274728803
1013 2483401488165184670812077249180179621583067063880859468240273530960178415456718053318549447417527788645083126279173445535216855416460578178421006846550516009
1014 78860606172081877329818897864636608633384251965253851978285929
1015 1319619372577567194301056335501698189305917359441
1016 1155333137794466358130062711636874331425462747755838712900914488174203836784504367968088157703
1017 72720818407149969465612401220571032506700908791995302476663177775203109308464458765255323485161411254038813073972195507673
1018 10597999265301490732599643671505003412515860435409421932560009680142974347195483140293254396195769876129909
1019 4634038452508805422372240475040162455368901923465642310861312373370791291897605585719784407057485399078233042401
1020 19422569455268906111305745939295817846009684118281
1021 39728900515729951028898846561350648903343250363004781971739353426493932650223351934433675544700664124235091075377525831822969652916732279330482153
1022 147310123152228344152428474068993632667724769415361321979252686925761986042392429
1023 613330446950913184466045835039185776757
1024 10045901211945615185770822340063765796721091525356133475714047
1025 2558803028353634402692929943192498301276987032213152420956297123450762401
1026 51513406617400034364080828860546058956692562707518637508655420323201
1027 2757643280436335751323150990999802472751741653303266574815281652346271741308953296885493719715373948287552381517708661380098738717744203614868507619366697804809147427084330818545592525980369917
1028 129088845425161754649860944957488499268597318022127073354607323
1029 555521159728553831524812356662628353827470017073813586000727458388034004464731472996843393464586739740048753
1030 300367026458796424297447559250634818495937628065437243817852436228914621
1031 37921487878778695969142164778654931285192402966541194418256386397115437328875098403573908310290147133554143720341023840183808894273662004107116187929504442972089241
1032 47790778426343969958962381134866119329
1033 5675103042409635284136199445313595114704180007076609178381276726664997893770670861389398281629147891997177652516156052011678986460395744456978335353754288246009029422043521
1034 108401152857362041791818479111400173089864244705921344555811
1035 2320851382831525729663727826418048009325134150081
1036 4845310364593535820224589209278434904598378812351023894137285597323
1037 5602380894249099897575068044161499617851189483803598989565434657277905153681895889
1038 43161383894452590546002225010382867863046433
1039 47965167002505772608654009141360523399394137005095861480131877331276771055839497806590229
1040 3664070903679134651504147239691801017828556945985573198721
1041 38337582139014200631110015606766775404899052552316921593631190312589424000284949
1042 285809665827656462061359689537471254854679455632852724704875653927701601046927851107589
1043 38807260690221538783869003371701746372730739553577405513811357644448815786502404812061058521283850026543294336887026157855503804963387172932354689155524198217034689226262284516269
1044 121645431297608956949367975807331201
1045 9441280823178873952986359674357173136740860676464843614761045086702674246225381439341073476152821
1046 3475055723537056225345802931020432759408099909683980529877628306620220002646089
1047 37354497521585409776067630277275055675106390786843721949125808798790877654505737902255248670510299470969472063577428364208467773258595391611397001
1048 6173624690900660821445975391546859581976072877090360291946421045283190205902446493795560801
1049 31470778324785764877093625589491235232736230000778942653654028329636732287159694087568384023276325399297
1050 14734291702642871390242051
1051 17095169313780281966481675561119639973193565140521947913353531117
1052 24217098773760331404972705629420681235110299113081734625234963438332680992626009
1053 15339357080209290396745034799171857126630971274442788117
1054 369639132973488992619493837433378884562914511905226176930972234641134289225333541
1055 11132519289087284295342391678046658649333333967296439849782852260006526269937766210706000433808672353063279567211811161074972975070423493204584881
1056 58503296430473643832658583122009670459018300023903
1057 579400004209795506836855348508059769276857157977636895767235484362787481855282292783501899717
1058 6174239434080219286005148715778137579702050231573
1059 35980201101257391549860360923563262525974949247991832187257385201689
1060 995349515232591948380715206597306328914860952704446290839774748799283871708299550669521
1061 59762024502667954496467866668111126040902657986182974323716858091462517843782397838677155890803832980467807587783629
1062 1237680116686639634200808590987111107763179456730159
1063 332024646490100915885357014183860345167672899148295712777058012269261270199335247978231880487896454581352861
1064 867797426379958043968754111726556203753942095378535126252231561241871697593889
1065 4634003142066705803478525453433066434512166421471009929873861699016446703314368158433683501
1066 69514474850823638832898000642720041675563690374321268644355632697
1067 1072464827111907199215216117483072847298497526419172462450830005275977
1068 109104990269668011572542316384984370077971248121
1069 2085423332856415081644585671418948974258954604961934450808095410208199077279566613428556267317626649206491020813576401338842401113221906376187097768268995089470199666250355665074901948632886189394700729328613
1070 3077781500978983285852936834864554143272298231123433682435700521
1071 12732431222242069947223008276289709404246778158865421857053457567230174326658791709
1072 532023636345822147038743367122454382963889
1073 10710127954956346603326385918625090966210071541479522462577
1074 927855877750398888674391034495585551014258193665643493009
1075 431548880374020342801379517908093254810296952355017479274525800918876864204650033427026428796085993961715201
1076 878399895330260992841214499410533069953354944818027965075422545175036716738213265537001496078635993369
1077 962027149772946364832883095692123062883681179246727702964870041647017302423332986081577245143590421
1078 50482628680586113961038708678693391038418642373035322011333125610809
1079 44880947869994501075054379581241898325627426706522382877689328360578549344673
1080 211147827837410728467664213741775985604772881
1081 21094823437808162933439811425812266453566461261195681724648518869689056958652207155907987438966435716532172147826605023190595582044507866046284640213
1082 31221140344059031279101464835936983477553601805291063172262915801420997340766464522083335265179318401521
1083 317175276890601001481407879156790015750616169878225990373893044203295067136814669276111366617239227743882224643590267174232173831756899777
1084 23997276524324574158149868726805381972721530889658825329
1085 20464422998547378285386434870094093716270718750871343565794390283438832593339067055811621
1086 3903786629336559916994727361478951795388816198164294786919716213
1087 6759024524045030426653040650678445001081272851939110791465463172350248666401833492016373304523394470220310452631912462206203668803984301875333352469
1088 1159001673865064795093335087802016444891925867834012177921
1089 846825966995252977396564925168319914149288688743861697
1090 1412605384442881872089827815261929140500730381
1091 34506002668546852317129808214792806402535464223966239212210650860155169664746000782626121065181130381015734910384761295494037326216851092086670944120048373033
1092 56100276324577514561817536429264267
1093 404895708469375800865195281933282870855940152515724239905078525620933349560919734609209032933322952305771045536265497108666144325544371482026295137476413259299922809
1094 2313856615383791643318762374025434021264150576293174229990441474419113431824028241646408571
1095 119913703904938825006126216281082693041560964871138954651360242229008493134479642361248433720601
1096 11190348272247867915933909847472310194314130023
1097 16801855425049298503708451305100868880973773010372782762431194089775843107258680461122188583253
1098 1839024687217749777838177040573046069859
1099 244898917179520699835894469903841643611367669356071840406484260009250846847989395465516260272454547728735864859040226573982427052988037
1100 268246800620554143257373290552875877832369251433833738128853733342001
1101 81231449844158599387197072520404414996412483923270801395513301424172498738698648802672146714320865397
1102 81732841953992698689344975060803302740241668791169597599462544177931137549619979352669
1103 33878507841913695270477376387745208051566563698595910394599745403010573906684696575419368868398100833809686953361746203159369190541071796099394619479207151449992517
1104 20773980348027907767372962802857903
1105 263356299183522013220360699038558916270902760541444633943969990071197546218279116919135460801597499987880122630449091052035841
1106 467177823226901502121899227865934545048285100074539649060171115392823339
1107 25484407871619469416666128537206545870083425483945138958629342387982605472743055220433767343973
1108 18165718667374022538958378462719661737105043598259812182855832226753700523949190363
1109 76347970260863451842462692444435743410990637125591818129309489596129648344703200515147549986851134309188108187116543856162603342071394701727136013028962613594347427487982160437607853
1110 1702945513191305556907097618161
1111 9917625448832588830976022804843887470663643154968705260142973821831145533796415070503225809111144535698821230685840490473429584569802182013
1112 110997404288165949555811153489845110957222910488403176792045424904031287
1113 19582002566449170269968254562315967543860532512286287932938839288046447720081412912636012227102833036913838758873150640335541277561
1114 278063948778421918293648132296072521647713677514562307377179539431968671695358771515550364118158732045117801
1115 4686285042247033748688322916787514552094317265478534827630381246538386359415158126099165472988416325954222092641
1116 157945397950723345044852819601
1117 71032406364049195117738518042134048625068677061298609325451085842139194599845871842855905020737994010717538944450778145510965638536695080126156162686673
1118 3336458177472462948299550779839077061919241345278777407469845042751
1119 8379525085501998895857793878824531770983047791877842713527677454382060504540746721010647827570228593021
1120 69546813833965858411097465190527041
1121 773008781149902253909086142949845616223393290706563371159433759637187618437853957469112168162859699481300517883433
1122 178990366429206972707092776889535507078451721820273
1123 420617365130512169489501557417200399288945809619963280917910484779857129011677894917906928973507907995339585277837339524599475768604389367368806567133135853463498441918736445571803237030034149317683201268933
1124 131201440883614482281337343582542333331680164595088521457792131014467782167284048785804752561
1125 222963501875655437238324329072019127728002286789250419925131584633321913291095853004855859303159173049035110721501
1126 2081300388105655483003686523880807573691414495497402129
1127 722299289888082162621482221549262269912454896310272481723988829434945967928813619453155667244560119058241
1128 20735946690310257088163003971348099401545379654917628683352442014503
1129 3914086164608366914789715708985260960248271521709873065154069585148173341837334078134990828099149526009809763628551994660784318042035590661653
1130 296465706730319961054054836347142604224829547038914771213521
1131 8788067927050817365672083490161869048338534488694395673704390251817304619345396145891822076981008703882257389026889770174599173701
1132 3064536290768497665580084640767695878984284301581295886809985626930354175057616060734975274187
1133 6325123017743182745949291799409829219898486588214777750243552068687694913721240387669124303862397
1134 68853479653802041437170359
1135 2701609772099793123326320745945902802738044147273895802371950741550702832283201238973099557381966341043608704326571729151146637896562307564588551296300893469403965069693256229470381001
1136 35867876364044367992126884952637306288504737268948723532233320646390881
1137 44098107874533397039654987981901217873109378991741303176121002294743376298043361
1138 36684474316080978061473613646275630451100586901195229815270242868417768061193560857904335017879540515228143777781065869
1139 2112157348068066092634744913107558098271376260561597923369152716086700756520084618229799030139836189386836895456341506251655195403691108112679498318624798878662849
1140 1435976563079869701849195207267724717921
1141 336683510406704986883626640969995293606884404055131783613062470972284855289993777986588747457783112843036054857912157704337996363248397996997
1142 96041200618922553823942883360924865026104917411877067816822264789029014378308478864192589084185254331637646183008074629
1143 59411910621662338165712972336372746809638068309701137794256505968557610909952822678528942197292601910505218461642912218366802249637
1144 563504519143107704829108230319955765370106413332631265653477323623652254765409
1145 2157446397028451368729241432129228012060632989381962828209360767393314394877803369941
1146 270186961194595541755048423986662684050191414376143738513002838085045942471
1147 1395306469271326058412638899824386752290842339202675553057084112306461
1148 198160071001853267796700692507490184570501064382201
1149 304603487747458941836280287771827994884779622022378018325933498893
1150 190472643386469063104903418651151427035845600442812901
1151 27473024202845001424574457107379061653214071772802521167717637248628234197232399368903107609
1152 4103838822572119088945154809160147448703
1153 126084258301545131694265271320171760217159378551177913808289508811637358220501703302663896191865728179050755712454897
1154 123675852607590180192521918942536901316060225107888829895560899690389417204628338880412518265505158198686183208746119
1155 133008347322883696536665795507373115357101156856746485618060874198230735388202605453815700481
1156 3029135813077302377712587490764532171725730308330163172507979186958388447438907
1157 94487321006964632663708158812394580118141100140621757422433745399029596576822996209
1158 8289138931615872207442447534793393710629452776043302729
1159 2086000265692571953451973011996830117432515535214927325502596915473860723122398097869448365599631533337074893529961128106440659709475229350559600235892877934120235433428025508631214055444687429
1160 859992109740792296494185923688061297158647591735921
1161 193001637869662720033773011560141884235233650642899871906831401
1162 788239131009627610881100882530876317523981489465637246692263898989181928605068991418572396421985501
1163 13905062411807458890302365703605919100193499013583355042026393096163595813305646160974155417323628737269801912819810980922880591691475833312678341393054807330981895807270959862687712486802607957
1164 36950175971970115957922604034845994483295942395880687567175107225483
1165 2501678348015043013098241934508387996592985182891621778116463671408008026033565744105076230317752425250881335122482755329994264915505641970461251503202574899198384516979929902289676551921
1166 367730697232973394173176315858047687910242672786434131587423317712871468090021
1167 2674431488145037438269987843643589427055689797189780936222524303828341214797262103694517612735853
1168 18794859332049222341350245427371753673560682454270605903
1169 48255546832853548234100259286362876685158512402809754156473419676318345040044177926861881347795615529751385989319652937092969
1170 624542923122551721493004981706558585672785333365378999981
1171 8819430499963616520071269821480424979203481406180373830145260754015654908007706407494709
1172 97641834814345995209816675822780911024306486514860905235281232096366924903157187004616740885079283318502282135542820218281
1173 2150454962978590434618690734371823922895892294745494565651499623249672575463500204978592381562415425621395083991544934688932473667914883751653
1174 68813279412758805317599642284042748702283526031784172082377923203997639746119565355079473949305498271312930207457
1175 442554376729059387772342713511437143127490855233072347995184588939070625345847688631560146501379318633813221008569158994161727389884312211366716453348906515186449195119493605301
1176 156525738095758141882904517057744961
1177 721185284620372012278051308652958844663337973289217416521560754138374175637808722476274492379099846200721991038922832538421573
1178 1448348705448789288095067150906606697418018058963224468103099557438239
1179 28095517068783678732788947977594687793865856058027220483454947391922356764526559727989
1180 11528102340339159317090133537532492892398160765416799922887935830941561761
1181 15126244577287300093094384133063466197599224117137860849043162184079366447888906008305001448225784110366347195096478347190186737323935103717091027788673
1182 15918569172424565344075680728122279296922081
1183 203852269067470572317008142323613161518501137342386763180048105413972490539593447819643138241
1184 67049494989122694600728130195578570299226925436081483565821608669875928468638447901818475543780157880355129497937601
1185 3092113472096712702648229414181910796227625836550034044523580508430488810968280790198929365894710914321
1186 28470634743616325305370263693221460396004514304116948003582181615315026279126355826617607995674809
1187 56214434923189402444958988443617632393367664982867989827151560359993438546198671947997805950091706658988253211036510703358006934977018651375559099193663300950097268858267026016100743706556231981749463001600779115186921
1188 1918260860863940238538151058032300245724431707889
1189 73534656401030338035024114368911718855262777975978563801929970025814263777354869020938120019464438521881
1190 226933236739177149692402935818041
1191 466348954236991210921772044324382381486298186817269350229020961803864897
1192 8947471307752582011065388540586516776213481897254779610325000509767499761
1193 22301794580809153030607850298093778381584555484724857351819453594483071768065309430664642849130329298687466242805170774406181929520335036830479207062768989908790949
1194 1463764545068341470084197077886605659640082582179
1195 103908026603291796806239314172436931852069161
1196 1678323815928758196568479444759711254314113821095553715158725500728584313774918984881
1197 1050923888257387764000634235467955240913717184879028817042756970110977425204492338071024059749292118548147824272457277166452678362857
1198 15854002189757265085147013538609001743503630207353895959962201140747030321340200746820524754308402582035485933
1199 750630523901675417324489793924856728088276074932597169218147557038367501000294459888031506808866923544097043668477078379090786404633
1200 1393078961742658514909432047447201
1201 647332110223887889283998434374903850342551521329777525651840038982781909514567965580185594290733619961488395167769333370789675041584904740072358300908482855639790218993
1202 7924260338249897814387874961831521898043662495998915398786511743717305296031093891098279396811260320046888441
1203 1025657134771642268960015496318910248959198329194058021330525874664081604458413265024681532123224517766882151883149866816287921732105373
1204 63806927452714047340778156846369278969435365966728521
1205 74440154493364294047503796008973577470721653599512798888150469800744577182039699464953363561693520181
1206 21284700991196972108368283105035875425808564155611353742802738008307629
1207 1398702202738568617821289322168315449998110733963304594054134814049833230807216527993363460476288726911017640061807252091245916855970770069293786413698230186754990467958300310141034568675467813
1208 234972773945780103319046207374414396415749860351527
1209 33681303952823488695293896680907262750640488135711626612158132077439293794768515649163198998501
1210 818940003141147329414971416390688152473798251492190348611039947092878880829430325461
1211 87836074942584475457390276508278388626867780366492863187434699198536745770680629545020177301372602122609595194352699865693818049287585447990106313
1212 449630134889913858029805057556645328731533025782350500742040723518014380000848391001
1213 9374946009017876665765461344050789826593200359298831884918745598701403198224498153632858406124886731633850389120710718019918150846062023123965621983272878805097213658144376579000149015657871411028668127180186544151870893754602128297373
1214 125512185328507647557397355652402705170063680538535680960401437817139872886990363354667593626855829
1215 2654549829109898405223783687084664114787274353644480937866686956672584698317620616209492581652730690334782297579831418559814572081676161
1216 38826919928081962133814615982807348936506213034911545483203273728043844340777276334740670232383
1217 78167951133942480512819497988334224200071164309714796698959730880600961180075771315223154393346998594851252560317619616936056560891746069684895539679930909916964192426374394199583718844423194292021480861260912497153
1218 105238997086730744050651432332334909759841837482929487291
1219 9127651054260904476862248784916956892026997340447489332463678084659410926650461200199556128142360939932579826791792467871773790860851443556904833909160619017241248209
1220 691170516868901445980823511257455566718334189536270587500342161
1221 27400739132731461399248914618965684526557483305780524291865808419452674669032848887728915779343426695839049152214749029177
1222 78793237594713531805991245506765164490192753686962271729668055350433005719300298736826752977
1223 6972231017881634958792855438749959656770106620060476063191121755603143994435279338641274814143435712339544649633710411345959429797786554292163403992338896790351913277825356778397533997
1224 315379807186690375311262636405957710528313085933120019902305086787909578769
1225 78385399869327423334596543897285705191182320444657944726519698324612539594187884222001
1226 128654053254067001789796154414677061029563911266334766544884715737078582075546200311143377241563666249432665857145030497939634521
1227 17704066578807004800924903818458121580894598054137673563198339760360458549132837191306663569
1228 543114184049568099466426395886054770774163944962181576895192466333569393190902830346308838313557313978577456387951745961
1229 5942695079751847073282975361615691230004846092112758163362098437471343137931552401
1230 532216332460099271430601432322041
1231 535561010671250614836347175629802461132834180017841829321211013419430031638276252519607920590460744993880465536450144064713
1232 15517063402165410951742341106601730226480790258963009
1233 998338639798313322285223165204032895860649294399975955406189340972606606733116621
1234 881807999374692263162623552650883434092674833548025120916866832559941434599328014086341873039457819883733564035369994616840509571
1235 1951104622303007166479854933404312135256056536357757928864734097435784107783108241686334208836624461
1236 46235392144586222367191440726672730987
1237 21794098937808842372692530918946750232039336772881915706922655481175531618600957094849559912190833307550107894334150954947963817
1238 248825147396336304582370574626699363123835244172196051741434532158291098258439958157642819216575829803638503939477709
1239 42399994648152181330874840974912142659427370242572663183930832259110166117156123450266522019380102569
1240 39923101180162532203628533832264933982105244403089841
1241 1133075944965914511191840829220062343450529825743206505971641328149601427895128808119878771108089030580488136003895916921440559531897822067365273
1242 305504674058681335357289317796420951893158199699949280927361
1243 919782851395212234335643249172847551721485660378652280446791550715940587832550605937709783194276946979064130297117153377577143657
1244 2890615644252691924572487628689034423952562309093965400390309
1245 20692737204364558354981185135341030866186659841609613815663245271487388644878482507445013773378326825171072058568409717656176276321
1246 10337738650011848457662525758925506627248178304548459170450156134555601204712391460630813651317329
1247 69952277914261124590776641516174425519193549628054088520683279913141489186909216412856802179737535801291079925084665695127474502635554442065176397674294297456453826732707165448970031416543698374289
1248 33572492155965085110381182723111728607
1249 7424894382570258224316935797785084984426586435498715250389944117599929171379738930275053249584236567030352675876807302850405131029272367925180096440149975704526242013123721
1250 4058732337480272357397526057719737468148541858623561199073004257501
1251 220290142550540571998998945075973639114161150371137199865451276962432907613501009653
1252 14889228411764816897913543223831117204128531094877735566153349625446942425231722139512983833340015434791980016047369
1253 2905800965223246789644309130888388330780252099277346182047517189523957482802779564564209712095138413023777594336269581975591647321317511393063966719675553306097765582073509834056036590479963832733
1254 57314120955051297736679165379998262001
1255 18523624956347809787623969508957108525260875740400371001313885181343539751814555968429029058092983056258853966968289141601561
1256 40440089592357195873482424063187697336048483837253388846806632872046087
1257 4380322779652756550532277079182250982967756674638672499266213382686174118711155120777
1258 4172431487136960169126185869685726431829870488940545440043911653484972917329
1259 1602435277896213536888309487641627813610302430033091971163761836285438379650501056269073962983195332703992371097479685139612538638962227664938762737
1260 1538486683044957457804703332422378490845205172402364196823041
1261 803613727300535359382763803722157009736725348990981173462252506564410239916182621513851306403131990369000727434464799386120008195365748395843919286698539875256184702357
1262 560477329279636535443774833644977244841676522225796670095903980466138109311302800798752120817517713622892453978485674084952409
1263 13947987363248722088645416541522772029244355071628251354604354611648346348698106146125930112640333544617781580049783990652101588039887821698277
1264 4133654065680671131373457884456821479881716851618282242483663
1265 50556186376907581385348401055064190103141924352304153725427866666813708158922551319498280570670699046940712068584193746512341621173931532948990287321749178889179901
1266 3896944262364468984431989653605889395802956455451592871589240445325974800179030855254151
1267 268562044517144088201735824989115046371353967074329396379336994344729396830100999776208095397363041915933782378472359259586327031174329139638654666092479084648203038682027631169573673
1268 7797844292542181742956585897715810181283
1269 1018772163435535630015932152556739996135499538560070797400555590532725383131333211555450323386341884254124216597027255512145093032115541623457329613930654912853
1270 1147314300240790441071246997668176577180453802481210191338741250845256597416951368882041
1271 739034261182775810732506246859987477634836887406986076848408389742670250721438511336333370636763970622157352164676981929084285802283833390894280372330219484419149
1272 887159350533397171382811379793251293163245636149901975460205293430109511582634733292561
1273 2089871531743680136145711450739785875555574194315590496625333744238935416215523170400127354304118909834153574737
1274 4928303428036219693248947882047237874675563669985178422251404481255421649513163072493
1275 444318458485086829128056373036825609749929607802372938838520272115850676271251742401412184066401
1276 19989455841535200486182533980671340646159599962343519917463836931033414123698249926192254599593331071801
1277 494209535958311884476480645319598771703342347015656651911184747169862444536393208817036966876914456200245628488446174760332525350754036004892880322177
1278 8853996174522467507283350064621808292949041096316622294281677406409417861
1279 6572901105595280099346165793463095055996287195926919836434519704341062864676467797096438448402583410221294650745967769278946908044922764318191426941375253883112445309513432041352746495275574021914447332058229574615728028607177889
1280 5079180256659675431743744001
1281 4102789008410389043100863778053106166154438635130282053399927771064655184833540650867256840104407634293866157192080885430294073
1282 222491752004248753427831176719811320183836159658695879683010718676484180750423887904238978824322879002845384951990422448597981
1283 1564859779720039565508870182569324208117555667917997801104862601098933699462849007879184203051278194180664616470669559575370868384820368930104560074538872199213236203822337186927275879139590248731148622362880471439310489228147093224418374555428793546002109
1284 1014204212177241703695227621874074225127504650393608528866854519123
1285 2354638161284047528618891873922775081711637993373776028245423632313593185701
1286 2882457732196854617457355013675554069403902883739502525187658025398599843630902979
1287 2596613952804880670932618974343097569570681148317417895938130188317841
1288 226267162697288411043007537121178068840738898408489624540478806548617723222230016854949539948545884176294149761
1289 369015865583722998868614496652293369306619478644462527427026126678548435718377809903317086020779491351201605163928373222077454728486053400528148387932508883516487010337581815015333
1290 9159411196439308397478462543930769648261
1291 283666284901171295613138526587134422650475350282662214129353407185106232813052882110195816119407137830538403209287703875213955896080632043519751177780123809331677218247056871213911598472801313041
1292 495676265119780931060241259197924695363507057440601
1293 529892711006095621792039556787784670197112759029534506620905162834769955134424689676262369
1294 166611707593814409339307448570325003131364570778291461812611926027877088009
1295 15902330228524803664100100186524034552903371176655300184558543803964032141490976301
1296 1731407737563604036770895447081913182731841
1297 9504352296967061894020903577315328743192719278286913745757826087407537145571335397076207246943633850031797916072424441972529521
1298 38036569145405908738139098073840422114446621894608685476173261748283691
1299 1449973291403075826005005698847920248338443377735416089701053466323379848556084614220421543497493577027147241795936683741
1300 1203612119752105769434261896427251236591725308845512167587366534943775646201
1301 8193546379731162179523472180410007127751480250569760816583372116622037859397275686819201053586709225997727186508039084129493539555104825563023159480632525453874769217081815617
1302 48282180899878210475423243434581382508315282361154991221
1303 2430356218564886267248649805645385754976584867314099328667060539090835461059570219134930399201339930739984225340114045694659378029318827299126293606782921412606181873
1304 1072771445572724025671113668348292251690743
1305 4267658412260201532048560466374247156252190698131972401612100593691711886001
1306 209920220569318301771955243607121764929397200998095660139145137891472123392390845244688591230489792038141853
1307 2992115758804534374023913931128404260638954558180195717653605265442020343649620103725855301532579596841597404463305194215701105132689839783945328476253853680362650802275840312959595347995562649694634072474356316701430720275061392837
1308 1254692146618186610477078534333327160942381038761
1309 798060248176585001867883024726045515161802031547747829731196058758407942704280371485380163448059288541933898080828649272044225466379191019707108560325841571680956653
1310 31060079569208377514122294198026973414306830592884457560395953893681595228694521
1311 7085630291583084309737183939727841331603631019687174160666105178705957066078629626704926793733527068017746337876411059261735797
1312 7513601265751126919260420528205646210878820214173976884762475096801
1313 22315469688565253756086452960587366743862342847141453229717090476849793575984377918914293827706764512302805002831252909172390773685235646439922447606032912826716302018985297
1314 120482872518803946329582269153417363495780907545565997294078861488798478474342181939
1315 2928057103470002512577586492847226598338769324370622968953103628465369213770009927895080012725646983970620414984646057151042455824998829012786101871059394880285561742271337155156896970255391160790806441
1316 4272812753313752222976455165311647024805434799200841
1317 6946927356772630312021284966843943174151290080015369549884342513930767791846476447284179263471389
1318 477259254083625414478731167801906322667914843148241716863201576896891290560869179
1319 2701588005276554023268904481780591123478833767710908529104349643741943375480890275100517768323448256352070188619530215928765548429229194403309308524667981209766071160371525400103731328573221733991896470784728470790456989601427962931578254793
1320 12654330083326240397313917259754561
1321 9273983418131527085004889529092092748649112068008532668692663079241442154764329300216622766855423715328763455785218354551858057110900877373573
1322 382331657154918920473625551106818317498508052488401151898473656777576193806173613522460356616553264245910301801789409
1323 4025785234915315618463684339956619246681160633781010929
1324 28044700031202261232719250043490675992418057022555162085992861241489573323
1325 177958805559952885351183902850892893350410913353259259832509884221798126092949401
1326 738176109604108790502221581286076181
1327 8896417706008777581901537869456944493364677603513511708088688591068258318820908664777767979652475188954677379247381
1328 1012299988213769450175559440307123237119636734024667706723845823400122209091140688160303
1329 431100123286092955992258679397923962475998695923021972764976641382099582015773719792112929670469
1330 929967340482033846923210210831820066103506705843823801
1331 276305222791123099812609503169338339870866288169418720420648323415171088143119205166740265548575769619591092521771901762231205310108629452269651918109284025852864294508868819026357
1332 8228672565068555947268935981252735539241
1333 75353075778283275814157296840358358401942549428794515607319972684729173626068461561654354435017443974168482650578887521672583939639818417002554542529
1334 92182696430726587961107728514433521431396074686759498976939254872867431204994008537136309142033057481041
1335 2400474406852766836274860835423632063815661661140560802289351595252777838851572319206147465229569468848937315082597972520888981
1336 395858886302834376750708787627841274779664544782199421988115532433453702890442247
1337 2521975128683680814381213599874796986680483126278226326503505968225673964980472993
1338 6240634833447015815644152923294187084540817003661793828352146727729
1339 1728525186000007230834503618331702204103611322587261621825551046116614831733147199485214518031733
1340 20404106545895102906154128520186891133003217651144766361
1341 7674768528486566878465170696204614669734448827983961425037624398745877285699265947844692471952940464405662225702090114696045649829
1342 3191761607151124121510054077367044407666293172376034226290368864469364799
1343 173188691941112259571598432728416131788642618273569448096993159371239500671961172150689743798441778843292302830750699781631949557271406651261695005557358884628625877923416892763673190846370797653243489988690844413635568998531298233
1344 8180446013881979766232718725267801762817730429421854800938664036525352767
1345 2225974293706606069708166600018342488128383726799268982667648080349101974496757411016711460656101558815630889395148144419246400283105801284797592725099874594312781518181
1346 9572224889293330076609301712106609330655766909023115102651249702899751775114467340223179
1347 3061719992484545030554313848083717208111285432353738497131674799321571238149015933442805665949
1348 240823100103405544167696990577035215682324285390608918545568748778212148123
1349 122488940752089154227459526241667811037638237196160215174532126697824168900400497894701744177033066245529267216221847139479978147962889684942895545571155822482249
1350 656996318953349439721732908912325829378630572990405083901
1351 1402580168468896045935804361872816452122184995284322866881575698128622490861136274497843919098206534843452890679154085334513273394005804535612232210852213011713046492353020468600717049295937
1352 52930032633651220013098981787792446321861656466318840674656529404430844347515027644501981441
1353 14796476495996801429563728784123342586487392199590707964325171434039716141
1354 83412776666668340974605642866717361170696909170976578943224886346525020926392657448369
1355 22513281350862894764040718308815559994065635794400178121169011552379933009205187054006342198181084204684526591452406130718331098056388515142734704204506002352038451852139939404408044475606647226529700400446961
1356 479412056854784405901249320812335640667469803219785776556417433609534975788763
1357 4520513463466834165300250226739830108753949414074896941180243388934242694556152144399923345911713148034183817701214172802063372281731918360735988004596769101500084807223366899690946301640192569052551729309506204161914140736689903387400594274345576821857049
1358 1473698452881328824415206659152862214442512674245913105360407620974246882196666337887779219369413796680640629272418776961
1359 46215108730918368096471396602487594717036222634059486842543406308475109473316477258878878251971257905071566471093979823433364680763781
1360 15098556848842849848964622710079616350508641
1361 3205171737571430555197104058100472762459683617423402162591435679651063298594747598473493591620758556786285116856829106209696515488224765308651337
1362 5219534137983025159078847113619467285727377
1363 6000170082055823237417394288258867251582091354476807054817929236382973853556494777542294776048811431899548566486801006905235208798364297519364242451660761
1364 41302274082662165763464111559897607072294544504901768386727483824430922369
1365 3088823018362897435858759379504101455112368548276969151426337286103547432486665525087007121351520820071229547317029015841
1366 131745054561203265955239484693648517487299562138533302662054062411470405936926824383693326432461
1367 188840534293559141489551409526697661899020134896252644507537485268365996178867504799966929980412152082191890221373493331403324182367540745949500852826624589456124919821464751009
1368 509359556421483451770068101495923382461043707085095635591958006289
1369 4006458242973932959887299547898127419159213898002376385179260625022646958143769984582697149900120504787094037239857841157387329269243085552585496190746173526729561662221845414283990853237
1370 3535270078639929879928381087926527488193411094610172021228094281
1371 51721747862418942683349395441387725842178311730354866646533575903574119667370318796587816047629379992020392713736125981615825836248657422918707835338647498454864366111279714506842880136759921
1372 13109985026466492627065756942405441070544088883610755383156075821807237932227
1373 23457002284986682688429064352184997572289710800198898813973364479247549711940666366451627295693269447259426482365153604159126998829265055790114389732670086439552640269111479384159881591268657021966449237235000787033805693173014088601
1374 11451679269411697337009089362255999092646667621
1375 7198337913009621318933598167897318851211804421713629337070104957293174053516450203301501
1376 6965592972972893121300616468566415923281726745297518609446134117707110173045414991126916323443167
1377 48885250481781003492482648805827347490679149033705940840724209699909438384392311650122596218388306398993998664589
1378 1658785314719995177305160344325838496446304635226259547303451013559035144460688265645157963274971
1379 662298500805905760909421549233771311636553759864486922381655952920113509739426651775675666572071751874682664477191755011397
1380 223416587094910520735511527945935407023104741922185247822401
1381 573016041243639566906566009418878570059314121239452343226604397904105323971934973210813801312222788872391401594773795750091433859385727759709389
1382 16601048680475177910584454770489202507484213019523728743755389693031533632178048269
1383 254949208317521241184009108203105528486940800267230042788547714173180893479641459227859284552049
1384 23112097702964602725415169047190925970793451425095828454019593573028636894200093739060457009
1385 115305763590976472717644562389811030382180763753289887402894081892489982702323972364075531864465766841407023169473411609306748338303617112919466309327797932823207432121952578055637718887695886716001969101319754461
1386 1629572062933105883847537440413661119505449668753860500283218379718938265601
1387 9738209669280283551583970372686804805480979375262965933363410873158912870732739236189458760508419379171878358668322176737065516631531941428527045162313135752671843335737491215047606410071387451451004810477042265355923765956489521739665129452528135635539197062284973634401
1388 3663638382512456011686820598238440465169046184224157611729319055317086862025833274721942540178843
1389 199832521611254003373275828811923393922002695171398926695589475692465524477115134991424648505236728787707588427506639955765823014365554100960264664517218162115651542458024594677573378576681
1390 156140751694406475525837397136915471354311030650338314354353524581
1391 19765596940535270661728219213113463208044710605534270512002125208706350605197723322802462542175970718338613928177957788759622716460576707533
1392 1405951459311457993425484734980167027704556129
1393 491733956258352688847410627231513482470234469768343165125752775588532463098279394767864358342319195683707965138266999770049231390128149290114491784249937299088358757
1394 93831368392654851155470870101392561029189116197009614661437403420355499733192284817292594415580204078968846728599009
1395 11214918615036984472074932094717970425340799394797181600012140941697286833244380459576547885671490491086981254121
1396 6378821280605585866127430116301691913176419231255970980775744208652848725950586115212866758300300691541114490652787893043
1397 6296388978641927582467586046379484611712601580018193794453517764956143939387748598256246129660317334334138932478174511274166372025832252502970791242970220195522159715199031278264264184189392953352538660732700452811475878997379752408335477
1398 1923100243130659262025935524037050897113836477921947443245225009915695876843171424158339
1399 755758933704910005355073948047127315828206146010722557188788624791617145944924480095838575209332445526953531257749908878005002110819486989332903359416538728294858616990621
1400 6534771852325519369556579447274415935790606787202001
1401 17634817053853425124088160518803990604409349751097121088798046990825311698713285746041
1402 11947561542417858603339474974974362588346449597243255014341633483530449828472737
1403 88374684380624319355658094085002486122147497837868089143723971809126759099933801378217774662475669403049034207880839096140644799953447362830070162557763655377257423065690901010076700866929583892887114977261
1404 108205581089246498532283117617925784720430322321
1405 3708806696759426498601784197838963030603968213288115313873091782112769996865115868199195740302996516019045694936701
1406 1136295084369399232583477978636392410583444250234378835512365665491127081816055498699020382931
1407 9029815126518236488686215794358239696658067490205637793059899753801738352785398655315164439186617554707938345184504880671721335654773355136188029141
1408 36025526066162272450314332969217992252136486715470056647025597441
1409 12636150660651385655536853575429801589347079702136295860601105349821353448606335675413898069048092775252323595921559027803415610047429532675796552767932354657241
1410 2206776702846596214643556003986234287315361225117466915307404612974529881
1411 10558253977429608511927000511182942628542173986227022130972731303697561627502497959287872007240825208547262123106530065197516449032533470266951777504733628837
1412 59242995313457729780510823767354730798286848921481374874264534705573628371
1413 60922105531389560177020016768540936326757988269441320908224168218194045273896537987337759933370859438531758253686501
1414 340852622026570815955088245005800296758582700697177471950760978019328437129139442643442010467764467546024009183792089708533001
1415 106566721576496287067870961426304639399877346688737247908112975618116157769605593789289749500610860207534209900603129548233550352182201592522010012594460487455738863228718301
1416 121571074089119116161348599871385792469336993564157066915649
1417 234691131789035254670258680942159944611062312269817657555939330320103321463511148566124538062118374756175297
1418 357889790372706798776186261711515017835785616532620883072031919704309640305971173
1419 387317818060534931909350936314967695608029994297432678390041717005846588918032670044889305115680153
1420 1449624706503272013500771133991214372168514837586733081
1421 2629567294895448152788724805025180693683479883844405708000194060798860316263590326835979423669128687283031494258606085492634539055909
1422 83446134680663989341287761437834038392531
