# A082021
0 7
1 23
2 131
3 47
4 643
5 2459
6 2000807
7 503347241
8 82125909539251
9 9617692012399
10 55555555342491359799151
11 1116817987709786226917069
12 578610396154837
13 66992050984853
14 254497141
15 1660738053545999
16 201525986561
17 25600818891233
18 796725607788661087
19 23547857117470471
20 509184182575577995304242559519
21 9405350853466312251351315594307672538388195763448507
22 86120137694671403537306949212207898189949380019661537282287240772113336046507621581839735779884633
23 3207476307379282144344604986400228022961780642403467754615464694934913979655926307831
24 1098449573876599293595954211836844045857188431793869751326155800930627160221881102920352590648695400084624132867316933706325817
25 580830750378913401518549259891205983011364502227888087042379943070404252630951365898803652487790117187
