1 2
2 1
3 3
4 71
5 7
6 21
7 599
8 173
9 11
10 23
11 161
12 49
13 13
14 9
15 131
16 19
17 33
18 17
19 1489
20 331
21 3989
22 69
23 3097350956401900335673788279883089441874368101
24 349387
25 5651
26 443
27 29
28 51
29 479470832244949
30 661
31 1129
32 1873
33 181
34 1544577973887516219070997863
35 521
36 6773
37 353
38 1059
39 3177
40 41
41 2997207428324374117
42 39
43 117
44 27
45 81
46 207
47 57
48 87
49 37
50 83
51 249
52 99
53 31
54 247
55 169
56 91
57 77
58 231
59 63
60 179
61 23449
62 393
63 211
64 2743
65 143
66 109
67 157
68 123
69 287
70 16787
71 65761
72 317
73 43
74 1885993
75 2843
76 101
77 6736003
78 50807969
79 863735473
80 221
81 1079
82 3237
83 351
84 59
85 413
86 203
87 189
88 133
89 571
90 433
91 537
92 129
93 147
94 609
95 119
96 53
97 70387301194117
98 309293
99 11109487
100 53993
101 5227
102 725449
103 10979
104 227
105 263621
106 790863
107 601
108 19613807
109 67
110 901
111 2053
112 2087
113 14609
114 259
115 163
116 489
117 113
118 47
119 2773
120 31067
121 329
122 141
123 61
124 427
125 793
126 111
127 9293
128 153623
129 79
130 3713
131 209
132 627
133 251
134 100180503124588259
135 6336066472939944538252112536340232517
136 4087
137 177
138 93
139 279
140 139
141 79369
142 2531
143 289
144 149
145 26763183451591968109
146 1863134719
147 5589404157
148 13041943033
149 312695034931
150 1943
151 469
152 12433
153 23321
154 551
155 773
156 1531
157 47461
158 589
159 171
160 243
161 223
162 73
163 349
164 159
165 201
166 2423
167 41191
168 357
169 273
170 637
171 563
172 463
173 46159225916140631352373950607328978723397710360542059415905008646558829120515833465267264969791563446331411004639194564199773144948794542507892997402567498103471057853892370914753907813696111707867888633718659000600692781584845032382558783999508242587307666076050268497431783395958351593212987417535334628170845947300973667321519947026395481495407161860303064607682815018818390412336833053721408080287457734580882837998969271155315289907696807323679484224920252246480630857766938642839937655999423556658561903731734583000681128249182118709989438483909962114094953262774793519320480607182210372192600620254714452263362689660672770359218888032822485785380879472115343751901553845211937257773891886542385167024093255540636600775198972618516952827648471579246991951701001
174 6229
175 151
176 1861
177 1577
178 913
179 750077576063
180 6679
181 88327
182 264981

