1 2
2 3
3 5
4 29
5 11
6 7
7 13
8 37
9 17
10 79
11 23
12 4129
13 193
14 2593
15 101
16 19
17 39163
18 577
19 26431
20 131
21 308798542881428667318174028327605372989
22 103
23 163
24 179
25 293
26 127
27 6287
28 683437
29 31
30 89
31 13590243019242466336587034391
32 113
33 2207
34 59
35 109
36 223
37 2351
38 62861
39 4651
40 43
41 53
42 669301
43 1087
44 7477
45 817246446020375245871694881
46 41
47 323717
48 187273
49 83
50 337
51 1327
52 431
53 739
54 15137
55 5659
56 47
57 4086059
58 97
59 93557
60 827923
61 569
62 281
63 2129
64 1033
65 433
66 82373
67 239
68 263
69 1217
70 719
71 4931
72 383
73 769
74 60149
75 4049
76 620663
77 280768815947
78 2229371
79 73
80 571
81 43350011
82 309059
83 199
84 1162597
85 61
86 1187
87 619
88 401
89 11887
90 39383
91 69817639
92 29569
93 17747
94 21017
95 6143
96 140171
97 389
98 4957
99 167
100 859
101 1231
102 503
103 405683
104 233
105 4362223
106 1151
107 562057541839
108 160970257871
109 900139
110 541
111 542511121






