# A104358
2 1
3 5
4 11
5 59
6 179
7 1259
8 11
9 7559
10 37799
11 415799
12 71
13 227
14 5981
15 9067
16 1135133999
17 11717
18 61
19 79
20 5499724229999
21 97
22 1543
23 31
24 29220034833989999
25 8937119
26 181
27 401
28 124759
29 443851
30 31
31 2141
32 3082663
33 8191
34 37230797
35 1697
36 1408101540804746673385499999
37 10613
38 73
39 59
40 107
41 79
42 617
43 163
44 173
45 43673268652925265723884051023987499999
46 911
47 71
48 8866109936826497
49 164457277565089
50 5428079736283
51 2459
52 1095526693217512385203670485736571962437499999
53 23030965284499
54 89
55 22871
56 33629
57 254838132796178078508922217380584160186323937499999
58 91841
59 436028045214260692328765913938179498078800257062499999
60 26089732099
61 193
62 73
63 71
64 135661
65 21031
66 281
67 552986886897556981229136326532237533959578459252166100624999999
68 10223
69 752037943
70 50600323
71 107460282770141555491314374926030123261763003251095681836154374999999
72 1549943
73 269
74 1901
75 109
76 1151
77 826446368444960993
78 1709
79 119069
80 109
81 199
82 118661
83 3721548323808582594988949
84 15271
85 301409
86 4003
87 317
88 6053
89 227
90 253357177
91 12569
92 69402054041
93 127
94 206203
95 107
96 29994099652733
97 135937
98 269
99 223
100 439
101 58027
102 359
103 85477393536503804376403
104 541
105 318763727
106 2048363331307995373716637
107 343320542291637661
108 251
109 765965235443399
110 1627
111 241051504085423159597639
112 1559253797
113 179
114 378467
115 509
116 12683851
117 2609
118 857
119 107203713012568517626129
120 149203973
121 258543069246936429319027112291854951506744075623
122 199
123 3593
124 23669
125 6353
126 701
127 17987
128 167
129 3058871675464867465930457084446333343
130 227
131 151
132 329947
133 66230273371343
134 271
135 364069381141214939372334638929
136 2131
137 3495707
138 563
139 1807577
140 75401
141 14771
142 24566119
143 3557
144 13499
145 4440191213
146 3518625916693
147 14231267
148 264343
149 353
150 233
151 122982661
152 457
153 647
154 5065792261
155 13513
156 499
157 311463073
158 463
159 331
160 2927
161 2229423622957619916482205251
162 1314437
163 6287
164 10944701
165 99031604930627833375824027758617265720972399695018854115793935413839634672393920827804576235827498026489541085527655768995933161463328603711916962383671237309444586141862770731013183593749999999
166 572334460527728516494229233
167 12347
168 2111
169 7537
170 37717
171 78853
172 169469521522406673987771600458471
173 431
174 8704119646160474405171583047870953365740800853663358856668026424595926307112559774069976691442657728536280798127881082670982818760097610222405862175580055989560906721337940778775824946472564572753906249999999
175 22621
176 670217212754356529198211894686063409162041665732078631963438034693886325647667102603388205241084645097293621455846843365665677044527515987125251387519664311196189817543021439965738520878387472102050781249999999
177 19087
178 175784429
179 153745667
180 3149782972834947890663730539801884470551343304149434682313811742558949400898430460414500361820237246908270481606863338189233870793928517871313252057099852781791617495066972995227783210953509291327042443847656249999999
181 12973
