# A104366
2 3
3 7
4 13
5 61
6 181
7 13
8 2521
9 7561
10 103
11 415801
12 1247401
13 167
14 191
15 211
16 127
17 23
18 40357
19 1099944846001
20 349
21 41
22 251
23 37
24 2243
25 146100174169950001
26 103
27 53
28 1217
29 1156675078903494150001
30 47
31 2939
32 251
33 857
34 41
35 547
36 13127
37 47
38 48563
39 281
40 1336484560722851
41 479
42 373
43 2179
44 577670972464621571
45 17491
46 1399
47 97
48 22893547
49 1069973
50 61
51 563
52 4069861
53 61
54 10937
55 2918426687591
56 262733
57 109831
58 307
59 2459
60 1871
61 6863
62 383
63 83
64 121139
65 750321420485151941966263672363958662088980270355720625000001
66 1625789083273
67 79
68 1373
69 743
70 317
71 18143
72 139
73 389
74 281
75 83
76 139
77 2857
78 7757
79 2777
80 5483
81 269
82 294347
83 2576030113
84 2081
85 127
86 64749187
87 3023
88 127
89 821
90 354443
91 5860867
92 618287489942510870750893
93 21107
94 1332967651835690769229
95 9181
96 1445707
97 257
98 252031182339803236243226545142695139
99 641
100 566395562442552264071174783
101 19658347759
102 62299
103 937
104 947988913129493647
105 4937
106 7954641783761
107 1745588875941821402532436130689
108 214939
109 2901335407
110 193
111 263
112 547437822148719589
113 8800537
114 8613282571279
115 3187
116 191
117 4603
118 145577
119 173
120 706065511854721
121 4640171
122 1647378676494310664976719234941800622702714201811536456477405885501
123 6951953
124 28123
125 2999
126 12251
127 3877
128 157
129 3823
130 731261
131 37649
132 4373
133 255298553
134 10631
135 809
136 5119
137 78574254686919199349
138 2031941972742041
139 431
140 263
141 12323
142 541
143 3607
144 14593067
145 503
146 983
147 653
148 24258137
149 15999513251
150 101473481
151 271
152 1641359953
153 523
154 691
155 259183
156 1595108655983068103752999
157 156059
158 269
159 20328861697387
160 379
161 3449
162 1289
163 1013
164 64567
165 2861070012293
166 12076900853364018550735105545068360009191663
167 44029
168 3559
169 69899
170 1438207
