# A104359
2 1
3 5
4 11
5 59
6 179
7 1259
8 229
9 7559
10 37799
11 415799
12 17569
13 71437
14 18979
15 62597
16 1135133999
17 1646947
18 445771
19 277021
20 5499724229999
21 2217247573
22 721381
23 46313123
24 29220034833989999
25 16347569521
26 5464930609
27 4939567
28 319699160368361
29 2605998587146349
30 178974179
31 15701603
32 116318025830291273
33 126202964557
34 1800994330689067867
35 495974154719183009
36 1408101540804746673385499999
37 273887503640652241
38 3838920596528159
39 120437626757523045120404351
40 1083555611
41 100886121694519441235013473651
42 230545957909307
43 30631695406547152153
44 1506370911456788023
45 43673268652925265723884051023987499999
46 7353696210222871151
47 2997248655664877361062249321
48 15974583131791395791675167
49 6028476734923870638673512191
50 913239045719102096117578719053
51 1531729203545027605687
52 1095526693217512385203670485736571962437499999
53 2521080381272921435295032593034501
54 19001717488991433320321109112263002293832497
55 83777543021180934883530220784104952223478969
56 2009898876725086303850469344249741618063
57 254838132796178078508922217380584160186323937499999
58 6238607901207637328275474857973
59 436028045214260692328765913938179498078800257062499999
60 381832621211967097862036583504781
61 978785885905099128983818067
62 16486520439409706527
63 58144040984594977676567
64 32675966542340908266654073400030461
65 35676925514010362891268302618228265992533891415325977129
66 215216533815134054804132619287
67 552986886897556981229136326532237533959578459252166100624999999
68 1045282020802741174185510634166159
69 1513625979623206097023
70 740525658111907850510824140950861161
71 107460282770141555491314374926030123261763003251095681836154374999999
72 207995292930401096346087001120744678859344511219630041561827193
73 2019645862853802121728279310512729814739
74 93927023996458712474979511
75 5521232392097519366015343112997236938742853
76 2901162419286837489620979774385646359591247
77 26457817136575217576728259711441
78 179555717038059627493435904270476093
79 79180752004850636668630287627024421317508085956439
80 2349032203891189858108724458176459238752618407624894653
81 33600839101097784855860122286985871040316156056430025727688983
82 75368527489336833568426329949648537
83 12817699848588285011539144166628126146420729290304178216451
84 1865533187851165771726566049269333395931307501346129992537187257
85 37259476096148299759828222227587400383
86 9460311593531062015106187011745149939497927830946830146352427
87 2780248909147141725607331394799537011599168770810584322725548184769979
88 1734366623311423810798604906285552458202996882556651261616617879551679092416885099
89 28641179040002090813377483353859988333287383628374211311565155967169331966061307
90 136762383101722515110064060973569770005215646516121264219662069910460511920969792887
91 960250780193147491934402177498601622543242499477326701521593373
92 149279006256941500649065447426624429722001471500925546781066376940328928138895836439
93 805653174000716450863534789873489366826699895393588590938840035005172313
94 130132515062223946728563807320704831929560734293
95 1044447726169172402458184646938479
96 28685976405619127602061126611478429813577291643818942698793059940441876186583717594603
97 16194017390202120102831866619200872511939124811582958700498572027434720639497623
98 1421146764474300593860694041475678800658381626063428148010742826878499
99 28817948659248112474357875469546168043526293173513636917886589268338443988033428094087890355591367713
100 709840906576206059435870050226046909126218714333401
101 557226952199610329021743775109463153107466592289851924730439329929377
102 204614311017687799479873629492965112232702966605053407033009391288234272862034033
103 66480485104153490935829464827506340976518159966009554905718203918482468883623833672933
104 70765311240434853420240638618283725669829264712427989668839477959099399451339894901365925456483355867
105 2915996905432679543696974313469460138290055148928645463192097661755072681633
106 346736156930155827595327405683114296136528426487116967751
107 95802105072478910250311060482332113
108 669688321143008760248253224771140239923844669207291011785151693
109 1199658721882688804481249003302117730800933476382143180950618809673415247358581
110 125430646252011655846280949446702892137981125897
111 1619119138668998613755656439542800316363310148097327151692955657240184332628147452688025566471241
112 2393517497124114817817520602935098328712675160860707269502148386095603637021777363079158394067008599
113 282891422402874474363830162736428754053981865795140401503367670053920193417055262709679
114 29394071172704487235008283700304157953432671
115 2979429344939312027457149100739605759054802490179146503641151164013556977803
116 97211667381253038107576328131639301957403024139
117 1663995952724424157835402837664867117671626595862775757129423164992044320849
118 4971115710662833324516042914961213186114057383465638924621
119 844970256918247944243008072563810259442956690305922777814490408088784251213
120 295365096751538725293901757384163702436233869
121 10852221392751725088463903875734343431517865657049732750042977285958196945631669710313
122 328224638394620279564682235831126576652034795317749
123 18841980495972653699701753643045977226577926736725082048271264186336995317733364007857275392313474669554613872385485106462881
124 1404447566958202857868243427850721033590209711772527809271185248949896685684949939846812897
125 15061740377778606956258382132722784253307881720175580493
126 13133226902675375123180070607246237409072535330954632166785659576638600069747952624254654574113562070482187537187302332972118352016337
127 53757611138106714496166577233653973050262578451418172977904990204704377841475285430430995874824367087406029135771105180827250875306645077
128 125885978343261822685129609477906933129873513172841108893896081633
129 652326254859204960509246647817259999161865453973808208855539077
130 133543605580716363117077184628054516193856847515599410858828176236365252409353
131 85484236412895651043606480626644428878168538583705974337608758893680631187080989
132 1105164512105280760467814122526531500808434271189042664225859131025111598547
133 60619910870559723282685602878204327836779916632982729523952652839553448897536276564285244561
134 24589331347680395567807012610048933871198006101913772511971099431700976743870754432416963031969970123480539979652549629214347737750674876159021
135 27234457762488339204397155142993499617590884807551766468830785474645346718079700483901589566256825952162758902201843450831
136 2160835642958852919429190630473952502730827500133271321940070699974206293919141142298030215109464492307457111652711441
137 1069846331613433518608249642519032979571200678168900389397
138 64603228218607220852760512706547090112849
139 1277694877831976617723802307197874533617958675258584347646509228991897912280960407671210139519295356434103
140 5166770827349261330863946304144887359641648671390955130405222859510660093146187105333399752511523529132838080551837168856132584150581181816539217031
141 16937053527538352336718311064363402777885804127877715413347449355072219237
142 115810835357848076939722353872526893207555606863857852462019440092413084420139993027857946738448491693143647463987529120847862493731003
143 155042573086366647065769752047443895740987685159597822006079446342845362041509997897650304235841964589
144 294188572394369071661580325250360130236283685892010196104627448285412158675836458190615052326565013062157996755532203243
145 10569608121171705031739681062925586892962971588008202601809644469255256636090346864199573848636507018005468329
146 252696358878328828622759814878335249139712951183947215178609995899475298339853280066747336459046354768069230439062658231
147 74317033719876241755627690017540574712012262552448783271756586236577527832188877951929578842563509755473331107439809742556146300004912403713731719675849
148 30514525213397832298525951121476289005510693691244354040135241414530961100882888571
149 392076540365417629324911013800438129712832746298786160048992222365631827880851270358757140269414360464461818672489391014125107398156432062096831369007
150 15562159047806407574009704829916498789392558476446451049881535669832699705436121780372844030610844813
151 892282983203113951130325804608357005032647473107861256990402507640786199462196196259746950357
152 14270052620170463189101772445610346822212341596333544133052917585403
153 57654321202987156584273372891381259852255748739950108130765225026672547403767947775218683259325069299010462029522697451018839464032588922053907
154 10670110000619923617754592472746329260396438410851625821991034040554744224193065097308272164966791017996360054287593967536546626156577846513233892551
155 20785673105129885883879262834524394887412417482999907425572573606006013903952895501047915741278497037903777297450518375698510175619655430296019264239188116941
156 56059021253650710264908705102606444727003411201145271948544125650640734910816117519
157 690519958120387637448393499519850150134206588741386906341750763598929825101660641427091083947656810230101227045599400651
158 309480513954622826414497421598972351903453810401420305323159684129595117721
159 16802954325692545177605366578595208345553128398541605371038001581
