# A110756
1 1
2 6
3 4
4 4
5 8
6 28
7 4
8 24
9 12
10 8
11 64
12 32
13 8
14 8
15 8
16 12
17 24
18 48
19 64
20 192
21 256
22 64
23 16
24 48
25 24
26 160
27 96
28 64
29 16
30 128
31 8
32 48
33 64
34 4
35 192
36 120
37 16
38 16
39 64
40 384
41 32
42 128
43 16
44 48
45 768
46 128
47 32
48 192
49 64
50 768
51 8
52 32
53 64
54 1792
55 32
56 24
57 64
58 16
59 16
60 128
61 8
62 192
63 24
64 768
65 64
66 256
67 8
68 320
69 128
70 64
71 48
72 72
73 8
74 512
75 48
76 32
77 32
78 64
79 64
80 384
81 32
82 128
83 64
84 24
85 48
86 128
87 64
88 48
89 768
90 384
91 64
92 128
93 128
94 32
95 64
96 48
97 4
98 768
99 48
100 2304
101 32
102 512
103 32
104 448
105 64
106 256
107 16
108 96
109 128
110 64
111 8192
112 256
113 1024
114 512
115 512
116 72
117 192
