# A110757
1 1
2 4
3 4
4 4
5 8
6 4
7 4
8 12
9 18
10 8
11 4
12 8
13 8
14 16
15 48
16 16
17 96
18 576
19 16
20 32
21 16
22 32
23 16
24 32
25 64
26 256
27 96
28 32
29 128
30 256
31 8
32 64
33 32
34 128
35 384
36 144
37 16
38 8
39 64
40 32
41 256
42 64
43 8
44 192
45 96
46 32
47 128
48 128
49 8
50 64
51 8
52 128
53 1280
54 2560
55 8
56 24
57 16
58 64
59 8
60 8
61 32
62 384
63 48
64 64
65 128
66 128
67 16
68 256
69 256
70 16
71 384
72 24
73 128
74 256
75 1024
76 8
77 128
78 64
79 16
80 256
81 384
82 2
83 8
84 256
85 8
86 256
87 32
88 16
89 48
90 192
91 2048
92 512
93 64
94 64
95 256
96 128
97 8
98 96
99 96
100 64
101 128
102 512
103 512
104 512
105 256
106 16
107 512
108 256
109 192
