# A110758
1 1
2 4
3 6
4 12
5 8
6 96
7 8
8 64
9 20
10 256
11 96
12 2304
13 64
14 512
15 12288
16 5120
17 64
18 5120
19 8
20 6144
21 24576
22 3072
23 64
24 24576
25 1536
26 1024
27 7168
28 12288
29 256
30 3145728
31 32
32 98304
33 36864
34 2048
35 8192
36 491520
37 128
38 128
39 49152
40 131072
41 128
42 6291456
43 256
44 73728
45 5242880
46 2048
47 64
48 15728640
49 384
50 393216
51 98304
52 24576
53 64
54 917504
55 393216
56 524288
57 6144
58 16384
59 64
60 301989888
61 1024
62 512
63 41943040
64 917504
65 16384
66 18874368
67 32
68 49152
69 98304
70 33554432
71 32
72 20971520
73 128
74 32768
75 18874368
76 12288
77 1572864
78 12582912
79 1024
80 83886080
81 4718592
82 2048
83 1024
84 2415919104
85 65536
86 4096
87 393216
88 1572864
89 512
90 21474836480
91 524288
92 49152
93 24576
94 2048
95 32768
96 4831838208
97 128
98 24576
99 31457280
100 2473901162496
101 128
102 6442450944
103 256
104 8589934592
105 805306368
106 1048576
107 2048
108 2818572288
109 512
110 137438953472
111 36864
112 687194767360
113 256
114 25165824
115 2097152
116 805306368
117 327680
118 262144
119 16777216
120 105553116266496
121 12288
122 4194304
123 49152
124 3145728
125 2097152
126 171798691840
127 512
128 549755813888
129 12288
130 34359738368
131 16384
132 154618822656
133 524288
134 262144
135 469762048
136 274877906944
137 256
138 402653184
139 512
140 108086391056891904
141 12288
142 131072
143 262144
144 214748364800
145 4194304
146 2097152
147 18874368
148 2415919104
149 512
150 1236950581248
151 2048
152 68719476736
153 20971520
154 8796093022208
155 262144
156 309237645312
