# A124988
1 7
2 199
3 7761799
4 487
5 67
6 103
7 1482549740515442455520791
8 31
9 139
10 787
11 19
12 39266047
13 1955959
14 50650885759
15 367
16 185767
17 62168707
18 447235672861581199309103759050920402075880773000475771251833872374473934248966548336890917974343106222899412903799
19 24042766753513133554777918208046294949291918692524566108833051190423896266082837569558640125434058610154889323709198775823906018712624343746023308205058186238839773092224881005648209950206035383788843154535898335760844126184199361445598962869758501482481875785034980510877021421394048771420327585653016139775277001359775889481295687715627911667993831254684987096629203548402190788060088554017882499591011
20 223
21 45319
