1 3
2 5
3 17
4 257
5 65537
6 641
7 7
8 318811
9 19
10 1747
11 12791
12 73
13 90679
14 67
15 59
16 113
17 13
18 41
19 47
20 151
21 131
22 1301297155768795368671
23 20921
24 1514878040967313829436066877903
25 5514151389810781513
26 283
27 1063
28 3027041
29 29
30 24040758847310589568111822987
31 154351
32 89
33 18794959381261204424508932779
34 7911109
35 229
36 601
37 2131
38 79
39 15277
40 355633
41 43
42 23
43 167
44 9748111
45 11
46 1538609
47 77592343
48 220681
49 109537
50 18671
51 28672387932703
52 45153781
53 1451625532309
54 293
55 1013
56 30914179
57 57541681
58 37
59 1021
60 3811979
61 83
62 107
63 85781
64 1523
