# A139044
1 2
2 3
3 5
4 2
5 13
6 3
7 2
8 5
9 89
10 2
11 233
12 13
13 2
14 3
15 1597
16 2
17 37
18 3
19 2
20 89
21 28657
22 2
23 5
24 233
25 2
26 3
27 514229
28 2
29 557
30 3
31 2
32 1597
33 5
34 2
35 73
36 37
37 2
38 3
39 2789
40 2
41 433494437
42 3
43 2
44 139
45 2971215073
46 2
47 13
48 5
49 2
50 3
51 953
52 2
53 5
54 3
55 2
56 59
57 353
58 2
59 4513
60 557
61 2
62 3
63 5
64 2
65 269
66 3
67 2
68 5
69 6673
70 2
71 9375829
72 73
73 2
74 3
75 13
76 2
77 157
78 3
79 2
80 2789
81 99194853094755497
82 2
83 5
84 6709
85 2
86 3
87 1069
88 2
89 13
90 3
91 2
92 2971215073
93 5
94 2
95 193
96 13
97 2
98 3
99 743519377
100 2
101 519121
102 3
103 2
104 953
105 1247833
106 2
107 827728777
108 5
109 2
110 3
111 677
112 2
113 5
114 3
115 2
116 353
117 13
118 2
119 89
120 4513
121 2
122 3
123 5
124 2
125 27941
126 3
127 2
128 5
129 1066340417491710595814572169
130 2
131 13
132 269
133 2
134 3
135 19134702400093278081449423917
136 2
137 277
138 3
139 2
140 6673
141 89
142 2
143 5
144 151549
145 2
146 3
147 110557
148 2
149 5737
150 3
151 2
152 13
153 5
154 2
155 313
156 157
157 2
158 3
159 13
160 2
161 977
162 3
163 2
164 35761381
165 18104700793
166 2
167 233
168 5
169 2
170 3
171 1639343785721
172 2
173 5
174 3
175 2
176 179
177 21481
178 2
179 8689
180 13
181 2
182 3
183 5
184 2
185 89
186 3
187 2
188 5
189 4870723671313
190 2
191 9465278929
192 193
193 2
194 3
195 15761
196 2
197 397
198 3
199 2
200 809
201 13
202 2
203 5
204 619
205 2
206 3
207 37
208 2
209 22504837
210 3
211 2
212 1247833
213 5
214 2
215 13
216 128621
217 2
218 3
219 233
220 2
221 4013
222 3
223 2
224 677
225 23609
226 2
227 457
228 5
229 2
230 3
231 139801
232 2
233 5
234 3
235 2
236 13
237 10037
238 2
239 11042621
240 89
241 2
242 3
243 5
244 2
245 37
246 3
247 2
248 5
249 582416774750273
250 2
251 89
252 509
253 2
254 3
255 5653
256 2
257 13
258 3
259 2
260 1049
261 4733
262 2
263 5
264 13
265 2
266 3
267 5381
268 2
269 449187076348273
270 3
271 2
272 541721291
273 5
274 2
275 505471005740691524853293621
276 277
277 2
278 3
279 174221
280 2
281 10753
282 3
283 2
284 89
285 13
286 2
287 577
288 5
289 2
290 3
291 64390759997
292 2
293 5
294 3
295 2
296 110557
297 233
298 2
299 13
300 1511
301 2
302 3
303 5
304 2
305 613
306 3
307 2
308 5
309 837833
310 2
311 1877
312 313
313 2
314 3
315 1307309
316 2
317 89
318 3
319 2
320 13
321 37
322 2
323 5
324 977
325 2
326 3
327 13
328 2
329 29129
330 3
331 2
332 766531
333 5
334 2
335 673
336 233
337 2
338 3
339 89
340 2
341 13
342 3
343 2
344 78889
345 324097
346 2
347 1358309
348 5
349 2
350 3
351 736357
352 2
353 5
354 3
355 2
356 359
357 475420437734698220747368027166749382927701417016557193662268716376935476241
358 2
359 37
360 8689
361 2
362 3
363 5
364 2
365 733
366 3
367 2
368 5
369 13
370 2
371 2237
372 89
373 2
374 3
375 233
376 2
377 757
378 3
379 2
380 22921
381 1639241
382 2
383 5
384 303011
385 2
386 3
387 2333
388 2
389 1597
390 3
391 2
392 15761
393 5
394 2
395 135263838653434038307643992992133441
396 397
397 2
398 3
399 13885829
400 2
401 233
402 3
403 2
404 13
405 73
406 2
407 4909
408 5
409 2
410 3
411 13
412 2
413 5
414 3
415 2
416 37
417 11623061
418 2
419 11789
420 22504837
421 2
422 3
423 5
424 2
425 13
426 3
427 2
428 5
429 529892711006095621792039556787784670197112759029534506620905162834769955134424689676262369
430 2
431 1387277127804783827114186103186246392258450358171783690079918032136025225954602593712568353
432 13
433 2
434 3
435 37
436 2
437 877
438 3
439 2
440 233
441 8861
442 2
443 5
444 4013
445 2
446 3
447 3061719992484545030554313848083717208111285432353738497131674799321571238149015933442805665949
448 2
449 89
450 3
451 2
452 23609
453 5
454 2
455 6397
456 457
457 2
458 3
459 26737
460 2
461 2777
462 3
463 2
464 139801
465 73330281865487664068079924400662001093
466 2
467 13
468 5
469 2
470 3
471 89
472 2
473 5
474 3
475 2
476 479
477 2637373
478 2
479 73
480 1156801
481 2
482 3
483 5
484 2
485 1949
486 3
487 2
488 5
489 141600090215093
490 2
491 1597
492 37
493 2
494 3
495 13
496 2
497 997
498 3
499 2
500 15061
501 10061
502 2
503 5
504 89
505 2
506 3
507 10597999265301490732599643671505003412515860435409421932560009680142974347195483140293254396195769876129909
508 2
509 13
510 3
511 2
512 5653
513 5
514 2
515 89
516 13
517 2
518 3
519 9377
520 2
521 8369
522 3
523 2
524 1579
525 557
526 2
527 28657
528 5
529 2
530 3
531 233
532 2
533 5
534 3
535 2
536 5381
537 13
538 2
539 54101
540 59621
541 2
542 3
543 5
544 2
545 1093
546 3
547 2
548 5
549 37
550 2
551 13
552 1109
553 2
554 3
555 753249714226730309
556 2
557 233
558 3
559 2
560 174221
561 10133
562 2
563 5
564 1699
565 2
566 3
567 36684474316080978061473613646275630451100586901195229815270242868417768061193560857904335017879540515228143777781065869
568 2
569 96041200618922553823942883360924865026104917411877067816822264789029014378308478864192589084185254331637646183008074629
570 3
571 2
572 13
573 5
574 2
575 1153
576 577
577 2
578 3
579 13
580 2
581 89
582 3
583 2
584 287141
585 3080261369
586 2
587 37
588 5
589 2
590 3
591 3557
592 2
593 5
594 3
595 2
596 139
597 4304994428485397
598 2
599 22549039789436761
600 13
601 2
602 3
603 5
604 2
605 1213
606 3
607 2
608 5
609 233
610 2
611 89824816176020664407957288521932489478482660934516789842973
612 613
613 2
614 3
615 234461
616 2
617 1237
618 3
619 2
620 34211
621 13
622 2
623 5
624 1877
625 2
626 3
627 73
628 2
629 593141
630 3
631 2
632 1307309
633 5
634 2
635 13
636 59
637 2
638 3
639 149993
640 2
641 5077129
642 3
643 2
644 37
645 4381535761
646 2
647 89
648 5
649 2
650 3
651 62717654313498903288590615641
652 2
653 5
654 3
655 2
656 13
657 693082088640921294810854855809
658 2
659 25117
660 29129
661 2
662 3
663 5
664 2
665 9337
666 3
667 2
668 5
669 89
670 2
671 282661
672 673
673 2
674 3
675 212741833
676 2
677 13
678 3
679 2
680 89
681 258173
682 2
683 5
684 13
685 2
686 3
687 233
688 2
689 8346682124689
690 3
691 2
692 324097
693 5
694 2
695 1597
696 1358309
697 2
698 3
699 42061
700 2
701 37
702 3
703 2
704 736357
705 13
706 2
707 63428557
708 5
709 2
710 3
711 557
712 2
713 5
714 3
715 2
716 719
717 817691446812956253389205301
718 2
719 13
720 37
721 2
722 3
723 5
724 2
725 1453
726 3
727 2
728 5
729 1597
730 2
731 379693
732 733
733 2
734 3
735 89
736 2
737 76566426675034441
738 3
739 2
740 13
741 537771403239312279772324930133
742 2
743 5
744 2237
745 2
746 3
747 13
748 2
749 551233
750 3
751 2
752 59
753 5
754 2
755 10597
756 757
757 2
758 3
759 36529
760 2
761 13
762 3
763 2
764 1639241
765 233
766 2
767 50753
768 5
769 2
770 3
771 4637
772 2
773 5
774 3
775 2
776 2333
777 37
778 2
779 89
780 139
781 2
782 3
783 5
784 2
785 47221
786 3
787 2
788 5
789 13
790 2
791 233
792 138787200818838488796281
793 2
794 3
795 1784390549
796 2
797 1597
798 3
799 2
800 1775629
801 89
802 2
803 5
804 233
805 2
806 3
807 48541
808 2
809 48661
810 3
811 2
812 73
813 5
814 2
815 37
816 4909
817 2
818 3
819 39409
820 2
821 29629
822 3
823 2
824 13
825 183593
826 2
827 1657
828 5
829 2
830 3
831 13
832 2
833 5
834 3
835 2
836 839
837 15422497
838 2
839 514229
840 11789
841 2
842 3
843 5
844 2
845 13
846 3
847 2
848 5
849 73
850 2
851 13649
852 13
853 2
854 3
855 188114752716182481542615469389235776029
856 2
857 108233
858 3
859 2
860 188779
861 327941
862 2
863 5
864 12361187009
865 2
866 3
867 89
868 2
869 233
870 3
871 2
872 37
873 5
874 2
875 1753
876 877
877 2
878 3
879 264301
880 2
881 5297
882 3
883 2
884 2659
885 74509
886 2
887 13
888 5
889 2
890 3
891 37
892 2
893 5
894 3
895 2
896 369079
897 557
898 2
899 953
900 89
901 2
902 3
903 5
904 2
905 2069773
906 3
907 2
908 5
909 107578169
910 2
911 89
912 6397
913 2
914 3
915 13
916 2
917 23893
918 3
919 2
920 26737
921 233
922 2
923 5
924 2777
925 2
926 3
927 11149
928 2
929 13
930 3
931 2
932 72176719
933 5
934 2
935 1873
936 13
937 2
938 3
939 2981089
940 2
941 2789
942 3
943 2
944 89
945 93251696081
946 2
947 233
948 5
949 2
950 3
951 148320002521
952 2
953 5
954 3
955 2
956 2637373
957 13
958 2
959 557
960 73
961 2
962 3
963 5
964 2
965 1933
966 3
967 2
968 5
969 52433
970 2
971 13
972 1949
973 2
974 3
975 42989
976 2
977 89
978 3
979 2
980 3929
981 5897
982 2
983 5
984 59
985 2
986 3
987 28657
988 2
989 1284145418062487805715353557
990 3
991 2
992 13
993 5
994 2
995 1993
996 997
997 2
998 3
999 13
1000 2
1001 353
1002 3
1003 2
1004 10061
1005 37
1006 2
1007 2017
1008 5
1009 2
1010 3
1011 4374133
1012 2
1013 5
1014 3
1015 2
1016 1019
1017 44006533
1018 2
1019 14293
1020 13
1021 2
1022 3
1023 5
1024 2
1025 157
1026 3
1027 2
1028 5
1029 35404541
1030 2
1031 20308781
1032 89
1033 2
1034 3
1035 1597
1036 2
1037 8457461
1038 3
1039 2
1040 9377
1041 13
1042 2
1043 5
1044 8369
1045 2
1046 3
1047 84872012481121
1048 2
1049 116035312373
1050 3
1051 2
1052 557
1053 5
1054 2
1055 13
1056 139
1057 2
1058 3
1059 93514417
1060 2
1061 224221020017
1062 3
1063 2
1064 233
1065 89
1066 2
1067 2137
1068 5
1069 2
1070 3
1071 73
1072 2
1073 5
1074 3
1075 2
1076 13
1077 233
1078 2
1079 28657
1080 54101
1081 2
1082 3
1083 5
1084 2
1085 4349
1086 3
1087 2
1088 5
1089 13126104546421803634380630263104078519429043694065692605495299885243873
1090 2
1091 17489
1092 1093
1093 2
1094 3
1095 243533
1096 2
1097 13
1098 3
1099 2
1100 37
1101 72797
1102 2
1103 5
1104 13
1105 2
1106 3
1107 29095502201
1108 2
1109 89
1110 3
1111 2
1112 916159171
1113 5
1114 2
1115 20166317
1116 233
1117 2
1118 3
1119 37
1120 2
1121 6737
1122 3
1123 2
1124 10133
1125 13
1126 2
1127 9168843087905453
1128 5
1129 2
1130 3
1131 89
1132 2
1133 5
1134 3
1135 2
1136 280587322711
1137 269
1138 2
1139 13
1140 1414424101
1141 2
1142 3
1143 5
1144 2
1145 73
1146 3
1147 2
1148 5
1149 23021
1150 2
1151 6917
1152 1153
1153 2
1154 3
1155 233
1156 2
1157 37
1158 3
1159 2
1160 13
1161 134909
1162 2
1163 5
1164 89
1165 2
1166 3
1167 13
1168 2
1169 114757
1170 3
1171 2
1172 102139
1173 5
1174 2
1175 89
1176 37
1177 2
1178 3
1179 5453857
1180 2
1181 13
1182 3
1183 2
1184 3557
1185 3427272581
1186 2
1187 2377
1188 5
1189 2
1190 3
1191 2756569661
1192 2
1193 5
1194 3
1195 2
1196 89228239
1197 89
1198 2
1199 1169173501
1200 6011
1201 2
1202 3
1203 5
1204 2
1205 1597
1206 3
1207 2
1208 5
1209 13
1210 2
1211 43669
1212 1213
1213 2
1214 3
1215 53549
1216 2
1217 953
1218 3
1219 2
1220 233
1221 250626653357000176109507458647263846240161438143339215342835761187616181
1222 2
1223 5
1224 89824816176020664407957288521932489478482660934516789842973
1225 2
1226 3
1227 133806106229561
1228 2
1229 59482830935187123166942554591028067918126168713
1230 3
1231 2
1232 234461
1233 5
1234 2
1235 2473
1236 1237
1237 2
1238 3
1239 1597
1240 2
1241 89
1242 3
1243 2
1244 13
1245 192037
1246 2
1247 182353
1248 5
1249 2
1250 3
1251 13
1252 2
1253 5
1254 3
1255 2
1256 73
1257 28153153906621
1258 2
1259 193
1260 44171
1261 2
1262 3
1263 5
1264 2
1265 13
1266 3
1267 2
1268 5
1269 557
1270 2
1271 37
1272 13
1273 2
1274 3
1275 933793481
1276 2
1277 2557
1278 3
1279 2
1280 12821
1281 410561
1282 2
1283 5
1284 1604929
1285 2
1286 3
1287 41215526627513981
1288 2
1289 2668675157
1290 3
1291 2
1292 12941
1293 5
1294 2
1295 2593
1296 89
1297 2
1298 3
1299 6400921
1300 2
1301 7817
1302 3
1303 2
1304 3919
1305 26141
1306 2
1307 13
1308 5
1309 2
1310 3
1311 233
1312 2
1313 5
1314 3
1315 2
1316 1319
1317 1010353
1318 2
1319 18493
1320 25117
1321 2
1322 3
1323 5
1324 2
1325 5309
1326 3
1327 2
1328 5
1329 89
1330 2
1331 557
1332 59
1333 2
1334 3
1335 13
1336 2
1337 233
1338 3
1339 2
1340 89
1341 157
1342 2
1343 5
1344 282661
1345 2
1346 3
1347 37
1348 2
1349 13
1350 3
1351 2
1352 771781
1353 5
1354 2
1355 353
1356 13
1357 2
1358 3
1359 29605206941
1360 2
1361 514229
1362 3
1363 2
1364 258173
1365 23600761633114379785308959441
1366 2
1367 73
1368 5
1369 2
1370 3
1371 1660628743985115694406751909133039664414423654917008893
1372 2
1373 5
1374 3
1375 2
1376 233
1377 13
1378 2
1379 189705209
1380 1458011
1381 2
1382 3
1383 5
1384 2
1385 37
1386 3
1387 2
1388 5
1389 233
1390 2
1391 13
1392 1597
1393 2
1394 3
1395 89
1396 2
1397 2797
1398 3
1399 2
1400 42061
1401 4513
1402 2
1403 5
1404 37
1405 2
1406 3
1407 5052673
1408 2
1409 1597
1410 3
1411 2
1412 13
1413 5
1414 2
1415 233
1416 207029
1417 2
1418 3
1419 13
1420 2
1421 12854269213
1422 3
1423 2
1424 139
1425 7394713
1426 2
1427 2857
1428 5
1429 2
1430 3
1431 581797
1432 2
1433 5
1434 3
1435 2
1436 1439
1437 39330749
1438 2
1439 89
1440 13
1441 2
1442 3
1443 5
1444 2
1445 91479341
1446 3
1447 2
1448 5
1449 49333
1450 2
