# A171490
1 1
2 5
3 7
4 12
5 14
6 16
7 29
8 51
9 56
10 58
11 60
12 64
13 65
14 67
15 74
16 75
17 78
18 83
19 87
20 90
21 100
22 102
23 104
24 106
25 109
26 115
27 118
28 119
29 122
30 128
31 130
32 132
33 134
34 141
35 142
36 147
37 161
38 166
39 173
40 176
41 187
42 188
43 200
44 212
45 219
46 221
47 231
48 234
49 239
50 241
51 251
52 259
53 264
54 293
55 313
56 314
57 316
58 336
59 337
60 348
61 354
62 355
63 362
64 364
65 365
66 366
67 367
68 376
69 378
70 380
71 414
72 415
73 422
74 454
75 459
76 477
77 482
78 536
79 540
80 554
81 565
82 567
83 571
84 600
85 612
86 613
87 614
88 618
89 625
90 632
91 633
92 648
93 655
94 662
95 669
96 678
97 681
98 682
99 688
100 707
101 708
102 718
103 720
104 728
105 730
106 731
107 738
108 750
109 760
110 763
111 764
112 769
113 791
114 810
115 821
116 824
117 837
118 843
119 869
120 877
121 941
122 947
123 956
124 1026
125 1029
126 1031
127 1034
128 1042
129 1069
130 1090
131 1095
132 1103
133 1108
134 1175
135 1210
136 1242
137 1305
138 1333
139 1380
140 1392
141 1401
142 1467
143 1476
144 1503
145 1506
146 1511
147 1518
148 1522
149 1528
150 1552
151 1563
152 1572
153 1582
154 1615
155 1659
156 1666
157 1680
158 1693
159 1720
160 1759
161 1763
162 1767
163 1785
164 1796
165 1802
166 1853
167 1881
168 1901
169 1905
170 1909
171 1970
172 1974
173 1980
174 1989
175 2011
176 2035
177 2037
178 2042
179 2060
180 2080
181 2150
182 2176
183 2186
184 2248
185 2307
186 2321
187 2333
188 2339
