# Table of a(n), 1..40
# b217759.txt generated with jOEIS by Sean A. Irvine at 2026-02-15 13:44:31 
1 3
2 7
3 43
4 19
5 6863
6 883
7 23
8 191
9 2927
10 205677423255820459
11 11
12 163
13 227
14 9127
15 59
16 31
17 71
18 131627
19 2101324929412613521964366263134760336303
20 127
21 1302443
22 4065403
23 107
24 2591
25 21487
26 223
27 12823
28 167
29 53720906651
30 27201015740779
31 1319
32 47
33 1583
34 179
35 311
36 15971
37 439
38 131887977647
39 211
40 625793363747
41 381559
42 67
43 1123
44 28054051051660897912550965912627155892579390168269491
45 463
46 2459
47 6899
48 47
49 587
50 678563
51 458191

