# A291633
1 1
2 2
3 3
4 11
5 20
6 22
7 42
8 43
9 82
10 162
11 171
12 322
13 340
14 342
15 642
16 682
17 683
18 1282
19 1362
20 2562
21 2722
22 2731
23 5122
24 5442
25 5460
26 5462
27 10242
28 10882
29 10922
30 10923
31 20482
32 21762
33 21842
34 40962
35 43522
36 43682
37 43691
38 81922
39 87042
40 87362
41 87380
42 87382
43 163842
44 174082
45 174722
46 174762
47 174763
48 327682
49 348162
50 349442
51 349522
52 655362
53 696322
54 698882
55 699042
56 699051
57 1310722
58 1392642
59 1397762
60 1398082
61 1398100
62 1398102
63 2621442
64 2785282
65 2795522
66 2796162
67 2796202
68 2796203
69 5242882
70 5570562
71 5591042
72 5592322
73 5592402
74 10485762
75 11141122
76 11182082
77 11184642
78 11184802
79 11184811
80 20971522
81 22282242
82 22364162
83 22369282
84 22369602
85 22369620
86 22369622
87 41943042
88 44564482
89 44728322
90 44738562
91 44739202
92 44739242
93 44739243
94 83886082
95 89128962
96 89456642
97 89477122
98 89478402
99 89478482
100 167772162
