# A330291
1 1
2 1
3 11
4 101
5 3
6 17
7 65358901
8 7
9 109
10 10193590070216413001
11 359
12 4007
13 149
14 43787
15 169031777
16 67
17 13
18 14767
19 30323
20 151651
21 1194421
22 31008087256045370298219860945197217288544368471059741857398977350440454626775436666667
23 1087
24 27457
25 19301
26 23
27 22349
28 87662437911778418773676205906933791725574214706220201036933
29 31
30 16651
31 19
32 18512580566520331182779449
33 457
34 15761
35 317971
36 35599887451999403135923025429921
37 487
38 137
39 1699
40 23069821
41 151
42 20177
43 59
44 2831401550888335749881
45 4416525276891638654223091
46 223
47 4055377
48 467765433278291
49 2124197
50 787
51 443
52 15136163087
53 349
54 25735290059
55 103
56 29
57 1597
