# a-file for OEIS sequence A334132
#
#
1 1
2 11
3 3
4 7
5 11
6 312211
7 13112221
8 11
9 5581
10 26966089
11 7
12 20328937
13 29
14 3
15 3
16 3
17 1637
18 103
19 50593
20 43
21 13
22 19
23 17
24 103
25 31
26 19
27 7
28 3
29 19
30 1208033
31 23
32 3
33 3
34 83
35 3
36 233
37 3
38 3
39 -1
40 3
41 7
42 483937
43 199
44 11
45 239
46 3
47 1277867
48 7
49 3
50 7
51 3
52 3
53 499
54 3
55 103
56 3
57 151
58 3
59 11
60 7
61 7
62 -1
63 11
64 3
65 401
66 7
67 3
68 3
69 3
70 6269
71 3
72 173
73 83
74 11
75 3

